Dataset,Type,Lang,file,vowel,prec,foll,start,end,F1,F2,MD,Alignment,Transcript,Linguistic,Formant,Fine,BG Music?,BG Other?,Poor Audio?,Coartic?,Hi Voice,Describe,Notes
wild,outlier,hau,B01___01_Matthew_____HAUCLVN2DA_00027,u,SIL,w,9.96,10.14,968.23,2171.97,141.792,Target Overlap,X Sounds,,FALSE,FALSE,TRUE,FALSE,FALSE,FALSE,,prec:[z],
wild,outlier,hau,B01___06_Matthew_____HAUCLVN2DA_00043,u,k,SIL,0.81,0.93,548.11,1794.81,15.928,Broad,,,FALSE,FALSE,TRUE,FALSE,FALSE,FALSE,,,
wild,outlier,hau,B01___07_Matthew_____HAUCLVN2DA_00025,a,d,ɡ,1.89,1.95,292.13,2006.11,15.275,Target Overlap,,,FALSE,FALSE,TRUE,FALSE,FALSE,TRUE,,foll:[g],music very faint
wild,outlier,hau,B01___10_Matthew_____HAUCLVN2DA_00031,a,SIL,o,7.05,7.23,850.46,1958.82,21.335,Target Overlap,X Sounds,,FALSE,FALSE,TRUE,FALSE,FALSE,FALSE,,foll:[b],
wild,outlier,hau,B01___10_Matthew_____HAUCLVN2DA_00031,a,j,k,3.15,3.24,382.36,2134.18,16.856,,,Change,FALSE,FALSE,TRUE,FALSE,FALSE,TRUE,,ɪ; prec:[j],
wild,outlier,hau,B01___13_Matthew_____HAUCLVN2DA_00023,a,j,k,2.49,2.55,333.08,2062.21,15.492,,,Change,FALSE,FALSE,FALSE,FALSE,FALSE,TRUE,,ɪ; prec:[j],
wild,outlier,hau,B01___13_Matthew_____HAUCLVN2DA_00047,e,n,SIL,7.8,7.92,249.18,1395.91,26.166,Broad,,,FALSE,FALSE,TRUE,FALSE,FALSE,FALSE,,,
wild,outlier,hau,B01___13_Matthew_____HAUCLVN2DA_00074,a,ɡ,SIL,1.38,1.44,456.91,2175.03,17.685,Broad,,,FALSE,FALSE,TRUE,FALSE,FALSE,FALSE,,,
wild,outlier,hau,B01___14_Matthew_____HAUCLVN2DA_00004,a,d,SIL,2.52,2.58,373.81,2084.92,15.132,,,Change,FALSE,FALSE,FALSE,FALSE,FALSE,FALSE,,ɪ,
wild,outlier,hau,B01___19_Matthew_____HAUCLVN2DA_00007,a,ɡ,b,0.6,0.66,335.97,998.95,15.323,Target Overlap,,,FALSE,FALSE,FALSE,FALSE,FALSE,FALSE,,,
wild,outlier,hau,B01___21_Matthew_____HAUCLVN2DA_00014,o,h,s,5.61,5.76,611.69,1074.6,13.913,,,,FALSE,TRUE,FALSE,TRUE,FALSE,FALSE,,,
wild,outlier,hau,B01___22_Matthew_____HAUCLVN2DA_00004,i,a,k,0.81,0.87,359.18,666.33,26.714,Target Overlap,,,FALSE,FALSE,TRUE,FALSE,FALSE,FALSE,,,
wild,outlier,hau,B01___24_Matthew_____HAUCLVN2DA_00038,e,k,SIL,0.99,1.11,335.17,2507.23,14.409,Target Overlap,,,FALSE,FALSE,FALSE,FALSE,FALSE,FALSE,,,
wild,outlier,hau,B01___25_Matthew_____HAUCLVN2DA_00002,o,ɡ,SIL,8.16,8.25,261.52,684.43,19.678,,,Change,FALSE,FALSE,FALSE,FALSE,FALSE,FALSE,,u,
wild,outlier,hau,B02___07_Mark________HAUCLVN2DA_00009,a,n,n,3.54,3.57,887.49,1843.51,19.406,Broad,,,FALSE,FALSE,FALSE,TRUE,FALSE,FALSE,,,
wild,outlier,hau,B02___09_Mark________HAUCLVN2DA_00016,i,ɽ,SIL,5.58,5.67,1562.81,1713.57,367.088,Target Overlap,,,FALSE,FALSE,TRUE,FALSE,FALSE,FALSE,,,
wild,outlier,hau,B02___09_Mark________HAUCLVN2DA_00024,i,ʃ,SIL,0.78,0.81,632.52,1592.67,15.861,Broad,,,FALSE,FALSE,FALSE,TRUE,FALSE,FALSE,,,
wild,outlier,hau,B02___11_Mark________HAUCLVN2DA_00016,i,a,u,2.64,2.73,1056.4,2410.76,138.643,Target Overlap,,,FALSE,FALSE,FALSE,TRUE,FALSE,FALSE,,,
wild,outlier,hau,B02___12_Mark________HAUCLVN2DA_00050,i,t͡ʃ,w,9.27,9.3,328.73,993.33,15.366,,,Change,FALSE,FALSE,TRUE,FALSE,FALSE,FALSE,,u; foll:[w],
wild,outlier,hau,B02___14_Mark________HAUCLVN2DA_00038,a,ɡ,t͡ʃ,1.59,1.65,218.96,1384.97,14.565,Target Overlap,,,FALSE,FALSE,TRUE,FALSE,FALSE,FALSE,,,
wild,outlier,hau,B03___02_Luke________HAUCLVN2DA_00010,a,m,k,7.08,7.14,380.55,863.71,17.683,Target Overlap,,,FALSE,FALSE,TRUE,FALSE,FALSE,FALSE,,,
wild,outlier,hau,B03___02_Luke________HAUCLVN2DA_00044,u,s,SIL,3.27,3.3,962.61,2024.72,134.226,,X Sounds,,FALSE,FALSE,TRUE,FALSE,FALSE,FALSE,,,
wild,outlier,hau,B03___06_Luke________HAUCLVN2DA_00047,i,a,SIL,2.85,2.88,586.32,1249.51,13.911,Broad,,,FALSE,FALSE,FALSE,FALSE,FALSE,FALSE,,,
wild,outlier,hau,B03___06_Luke________HAUCLVN2DA_00079,a,j,k,5.43,5.52,557.47,2120.73,15.786,Broad,,,FALSE,FALSE,TRUE,FALSE,FALSE,FALSE,,,
wild,outlier,hau,B03___08_Luke________HAUCLVN2DA_00022,i,ʃ,SIL,6.81,6.93,745.45,1753.22,34.234,Broad,,,FALSE,FALSE,TRUE,FALSE,FALSE,FALSE,,,
wild,outlier,hau,B03___08_Luke________HAUCLVN2DA_00023,i,t͡ʃ,n,4.35,4.38,306.09,1082.26,13.825,Broad,,Change,FALSE,FALSE,TRUE,FALSE,FALSE,TRUE,,ə,foll: [n]
wild,outlier,hau,B03___09_Luke________HAUCLVN2DA_00030,u,k,ɸ,2.04,2.25,609.46,1655.98,22.173,Target Overlap,,,FALSE,FALSE,FALSE,FALSE,FALSE,FALSE,,,
wild,outlier,hau,B03___10_Luke________HAUCLVN2DA_00045,a,m,s,1.05,1.11,523.02,645.43,20.962,Target Overlap,,Change,FALSE,FALSE,FALSE,FALSE,FALSE,FALSE,,ə,
wild,outlier,hau,B03___11_Luke________HAUCLVN2DA_00030,u,k,ɸ,4.02,4.17,1168.37,2121.86,238.926,Target Overlap,,,FALSE,FALSE,TRUE,FALSE,FALSE,FALSE,,,
wild,outlier,hau,B03___11_Luke________HAUCLVN2DA_00053,a,d,SIL,4.47,4.5,426.62,788.44,18.36,,,Change,FALSE,FALSE,FALSE,FALSE,FALSE,FALSE,,oʊ,vowel in the next syllable is rounded
wild,outlier,hau,B03___13_Luke________HAUCLVN2DA_00006,a,d,ɡ,2.52,2.61,287.63,2172.75,21.28,Target Overlap,,Change,FALSE,FALSE,FALSE,FALSE,FALSE,TRUE,,e,foll: [g]
wild,outlier,hau,B03___14_Luke________HAUCLVN2DA_00010,a,ɡ,w,0.9,0.93,460.3,852.3,14.005,Target Overlap,,Change,FALSE,FALSE,FALSE,FALSE,FALSE,TRUE,,ə,prec: [g]/ foll: [w]
wild,outlier,hau,B03___15_Luke________HAUCLVN2DA_00020,i,ɽ,n,1.59,1.62,501.6,938.48,15.743,Target Overlap,,Change,FALSE,FALSE,FALSE,FALSE,FALSE,TRUE,,ə,foll: [n]
wild,outlier,hau,B03___21_Luke________HAUCLVN2DA_00013,o,ɽ,SIL,1.11,1.23,456.37,2029.11,26.465,Target Overlap,,Change,FALSE,FALSE,FALSE,FALSE,FALSE,FALSE,,u,
wild,outlier,hau,B03___22_Luke________HAUCLVN2DA_00047,a,k,SIL,1.8,1.83,1021.18,1974.86,37.398,Broad,,Change,FALSE,FALSE,FALSE,FALSE,FALSE,FALSE,,ə,prec: [k]
wild,outlier,hau,B03___22_Luke________HAUCLVN2DA_00072,u,k,l,0.15,0.24,646.43,1073.66,23.008,Target Overlap,,,FALSE,FALSE,FALSE,FALSE,FALSE,FALSE,,,
wild,outlier,hau,B03___23_Luke________HAUCLVN2DA_00024,i,j,ɡ,3.63,3.69,730.41,1990.29,34.237,,,,TRUE,FALSE,FALSE,FALSE,TRUE,FALSE,,,"F1 too high, F2 too low"
wild,outlier,hau,B04___01_John________HAUCLVN2DA_00039,u,k,m,7.86,7.92,742.06,2206.83,64.827,Broad,,,FALSE,FALSE,FALSE,FALSE,TRUE,FALSE,,,
wild,outlier,hau,B04___12_John________HAUCLVN2DA_00023,a,t,ɸ,1.26,1.32,995.98,2005.83,36.299,Target Overlap,,Change,FALSE,FALSE,TRUE,FALSE,FALSE,FALSE,,ə,
wild,outlier,hau,B04___14_John________HAUCLVN2DA_00033,i,ʃ,n,3.3,3.39,623.26,1893.06,15.864,,,Change,FALSE,FALSE,FALSE,FALSE,FALSE,FALSE,,e,
wild,outlier,hau,B04___17_John________HAUCLVN2DA_00002,u,d,a,4.98,5.01,679.03,1462.65,32.24,,,Deletion,FALSE,FALSE,FALSE,FALSE,FALSE,FALSE,,,folloing [a] is changed
wild,outlier,hau,B04___18_John________HAUCLVN2DA_00005,u,k,m,12.48,12.57,621.73,1600.22,23.316,Target Overlap,,,FALSE,FALSE,FALSE,FALSE,FALSE,FALSE,,,
wild,outlier,hau,B04___19_John________HAUCLVN2DA_00017,a,m,SIL,2.85,2.94,431.84,2106.14,14.92,,,Change,FALSE,FALSE,FALSE,FALSE,FALSE,TRUE,,e,foll: [j]; partially transcribed as SIL
wild,outlier,hau,B04___19_John________HAUCLVN2DA_00032,u,ɽ,b,0.81,0.87,575.16,1496.51,14.701,Target Overlap,,,FALSE,FALSE,FALSE,FALSE,FALSE,FALSE,,,
wild,outlier,hau,B04___19_John________HAUCLVN2DA_00039,u,m,SIL,4.26,4.29,721.94,1390.86,40.944,,X Transcript,,FALSE,FALSE,TRUE,FALSE,FALSE,FALSE,,,
wild,outlier,hau,B05___07_Acts________HAUCLVN2DA_00037,i,ʃ,SIL,7.71,7.8,712.44,2222.36,35.643,,,,TRUE,FALSE,FALSE,FALSE,FALSE,FALSE,,,F1 too low
wild,outlier,hau,B05___07_Acts________HAUCLVN2DA_00061,a,j,j,0.39,0.45,627.68,2057.63,14.521,Target Overlap,,Change,FALSE,FALSE,TRUE,FALSE,FALSE,TRUE,,ʌ,prec: [j] & foll: [j]
wild,outlier,hau,B05___08_Acts________HAUCLVN2DA_00013,a,j,k,3.69,3.78,394.73,2165.72,17.94,,,Change,FALSE,FALSE,FALSE,FALSE,FALSE,FALSE,,e,prec: [j]
wild,outlier,hau,B05___08_Acts________HAUCLVN2DA_00052,a,ɸ,ɽ,2.4,2.46,894.05,2042.03,28.618,Broad,,,FALSE,FALSE,FALSE,FALSE,FALSE,FALSE,,,
wild,outlier,hau,B05___11_Acts________HAUCLVN2DA_00036,a,b,b,10.26,10.32,399.84,931.46,13.917,,,Change,FALSE,FALSE,TRUE,FALSE,FALSE,FALSE,,u,
wild,outlier,hau,B05___21_Acts________HAUCLVN2DA_00019,a,m,b,9.09,9.12,278.04,884.25,24.037,,,Deletion,FALSE,FALSE,FALSE,FALSE,FALSE,FALSE,,,?not sure if the vowel is present
wild,outlier,hau,B05___25_Acts________HAUCLVN2DA_00031,i,a,SIL,0.45,0.51,798.03,1791.02,45.382,Target Overlap,,Change,FALSE,FALSE,TRUE,FALSE,FALSE,TRUE,,e,prec: [a]
wild,outlier,hau,B05___25_Acts________HAUCLVN2DA_00032,u,s,k,9.3,9.36,966.87,1977.73,134.481,Target Overlap,,,FALSE,FALSE,TRUE,FALSE,FALSE,FALSE,,,
wild,outlier,hau,B05___27_Acts________HAUCLVN2DA_00005,u,m,a,1.65,1.68,604.05,1077.14,16.041,Target Overlap,,,FALSE,FALSE,FALSE,FALSE,FALSE,FALSE,,,
wild,outlier,hau,B06___02_Romans______HAUCLVN2DA_00014,i,a,SIL,4.11,4.14,762.66,1429.12,36.947,,X Transcript,,FALSE,FALSE,FALSE,FALSE,FALSE,FALSE,,,?seperated by SIL
wild,outlier,hau,B06___03_Romans______HAUCLVN2DA_00043,i,ʃ,SIL,9.78,9.93,1100.61,2087.54,143.789,,,,TRUE,FALSE,TRUE,FALSE,FALSE,FALSE,,,
wild,outlier,hau,B06___09_Romans______HAUCLVN2DA_00046,e,n,SIL,10.74,11.04,621.92,1582.69,17.569,Target Overlap,,,FALSE,FALSE,FALSE,FALSE,FALSE,FALSE,,,
wild,outlier,hau,B06___09_Romans______HAUCLVN2DA_00055,a,d,d,1.95,2.01,182.2,1440,16.897,Target Overlap,,Change,FALSE,FALSE,TRUE,FALSE,FALSE,FALSE,,ə,
wild,outlier,hau,B06___10_Romans______HAUCLVN2DA_00017,a,b,s,2.7,2.79,387.38,885.79,16.374,,,Change,FALSE,FALSE,TRUE,FALSE,FALSE,FALSE,,ə,(following consonant is wrong -> [g])
wild,outlier,hau,B06___15_Romans______HAUCLVN2DA_00017,u,k,k,5.79,5.88,310.57,2228.09,15.805,,,Change,FALSE,FALSE,TRUE,FALSE,FALSE,TRUE,,y,prec: [k[ & foll: [k] (or [ui]?)
wild,outlier,hau,B07___06_1CorinthiansHAUCLVN2DA_00025,o,a,i,1.11,1.2,243.92,1160.13,23.242,Target Overlap,,,FALSE,FALSE,FALSE,FALSE,FALSE,FALSE,,,?missed consonants?
wild,outlier,hau,B07___09_1CorinthiansHAUCLVN2DA_00011,a,j,k,1.2,1.26,433.68,2105.94,14.891,,,Change,FALSE,FALSE,FALSE,FALSE,FALSE,TRUE,,e,prec: [j]
wild,outlier,hau,B07___10_1CorinthiansHAUCLVN2DA_00022,i,d͡ʒ,k,6.06,6.09,213.61,1306.15,15.398,Target Overlap,,,FALSE,FALSE,FALSE,FALSE,FALSE,FALSE,,,
wild,outlier,hau,B07___11_1CorinthiansHAUCLVN2DA_00009,e,n,SIL,2.7,2.82,654.96,1798.14,27.866,,,,TRUE,FALSE,TRUE,FALSE,FALSE,FALSE,,,beep gives false formant
wild,outlier,hau,B07___14_1CorinthiansHAUCLVN2DA_00031,u,s,t͡ʃ,12.48,12.57,189.97,1455.31,13.998,,,Change,FALSE,FALSE,TRUE,FALSE,FALSE,FALSE,,ə,
wild,outlier,hau,B07___15_1CorinthiansHAUCLVN2DA_00013,a,j,k,6.18,6.27,346.94,2188.16,19.958,Broad,,Change,FALSE,FALSE,FALSE,FALSE,FALSE,TRUE,,e,prec: [j]
wild,outlier,hau,B07___15_1CorinthiansHAUCLVN2DA_00074,u,k,m,6.63,6.69,537.34,2010.01,19.467,Broad,,,FALSE,FALSE,FALSE,FALSE,FALSE,FALSE,,,
wild,outlier,hau,B07___16_1CorinthiansHAUCLVN2DA_00004,u,ɽ,ʃ,9.24,9.27,1929.76,3207.37,946.221,,,Deletion,FALSE,FALSE,FALSE,FALSE,FALSE,FALSE,,,
wild,outlier,hau,B07___16_1CorinthiansHAUCLVN2DA_00030,e,ɽ,SIL,2.43,2.55,814.37,1784.61,79.076,Target Overlap,,,FALSE,FALSE,TRUE,FALSE,FALSE,FALSE,,,
wild,outlier,hau,B08___02_2CorinthiansHAUCLVN2DA_00007,e,ɸ,SIL,5.43,5.52,644.77,1784.12,25.166,Target Overlap,,,FALSE,FALSE,FALSE,FALSE,FALSE,FALSE,,,
wild,outlier,hau,B08___07_2CorinthiansHAUCLVN2DA_00026,u,ɸ,ʃ,1.62,1.86,650.03,1593.94,28.343,Broad,,,FALSE,FALSE,TRUE,FALSE,FALSE,FALSE,,,
wild,outlier,hau,B08___08_2CorinthiansHAUCLVN2DA_00025,a,d,u,3.12,3.15,391.91,912.11,15.082,,,Change,FALSE,FALSE,FALSE,FALSE,FALSE,TRUE,,o,foll: [u] ([a] & [u] combined?)
wild,outlier,hau,B08___13_2CorinthiansHAUCLVN2DA_00014,a,j,k,6.3,6.36,382.82,2264.81,22.711,,,Change,FALSE,FALSE,FALSE,FALSE,FALSE,FALSE,,e,prec: [j]
wild,outlier,hau,B09___04_Galatians___HAUCLVN2DA_00047,u,ɽ,b,0.39,0.45,771.54,1213.72,51.79,Target Overlap,,,FALSE,FALSE,TRUE,FALSE,FALSE,FALSE,,,
wild,outlier,hau,B11___02_Philippians_HAUCLVN2DA_00036,i,ɸ,j,1.44,1.53,998.99,1984.56,104.259,Target Overlap,,,FALSE,FALSE,TRUE,FALSE,FALSE,FALSE,,,
wild,outlier,hau,B12___04_Colossians__HAUCLVN2DA_00007,i,ʃ,SIL,6.81,6.93,829.58,2409.85,67.139,,,,TRUE,FALSE,TRUE,FALSE,FALSE,FALSE,,,beep gives false formant
wild,outlier,hau,B15___04_1Timothy____HAUCLVN2DA_00008,u,n,w,1.59,1.65,647.07,1315.56,24.376,Target Overlap,,,FALSE,FALSE,FALSE,FALSE,FALSE,FALSE,,,
wild,outlier,hau,B15___06_1Timothy____HAUCLVN2DA_00013,i,t͡ʃ,k,1.47,1.5,735.05,2102.98,37.232,Target Overlap,,,FALSE,FALSE,FALSE,FALSE,FALSE,FALSE,,,
wild,outlier,hau,B16___02_2Timothy____HAUCLVN2DA_00029,a,d,SIL,1.59,1.62,359.75,2055.21,14.43,,,Change,FALSE,FALSE,FALSE,FALSE,FALSE,TRUE,,e,foll: [j]
wild,outlier,hau,B19___07_Hebrews_____HAUCLVN2DA_00024,i,j,w,4.98,5.01,391.94,926.04,15.282,Broad,,,FALSE,FALSE,FALSE,FALSE,FALSE,FALSE,,,?seperated
wild,outlier,hau,B19___08_Hebrews_____HAUCLVN2DA_00015,i,t͡ʃ,k,1.56,1.59,678.97,1423.46,22.896,Target Overlap,,,FALSE,FALSE,FALSE,FALSE,TRUE,FALSE,,,
wild,outlier,hau,B19___10_Hebrews_____HAUCLVN2DA_00043,a,n,ɸ,4.47,4.62,1027.36,1648.74,25.204,Target Overlap,,,FALSE,FALSE,FALSE,FALSE,FALSE,FALSE,,,?vowel change
wild,outlier,hau,B19___12_Hebrews_____HAUCLVN2DA_00020,a,m,k,5.46,5.49,419.9,885.76,14.598,,,Change,FALSE,FALSE,FALSE,FALSE,FALSE,FALSE,,o,vowel in the following syllable is [o]
wild,outlier,hau,B20___02_James_______HAUCLVN2DA_00004,u,k,m,11.43,11.49,723.79,2216.87,60.414,,,,TRUE,FALSE,FALSE,FALSE,FALSE,FALSE,,,
wild,outlier,hau,B20___03_James_______HAUCLVN2DA_00030,i,a,k,1.59,1.62,180.65,1386.9,17.217,Target Overlap,,,FALSE,FALSE,FALSE,FALSE,FALSE,FALSE,,,
wild,outlier,hau,B20___05_James_______HAUCLVN2DA_00014,a,j,k,3.66,3.75,361.84,2076.8,15.14,,,Change,FALSE,FALSE,FALSE,FALSE,FALSE,TRUE,,e,prec: [j]
wild,outlier,hau,B20___05_James_______HAUCLVN2DA_00029,a,s,i,1.38,1.41,409.91,2069.94,13.828,Broad,,,FALSE,FALSE,FALSE,FALSE,FALSE,FALSE,,,
wild,outlier,hau,B21___02_1Peter______HAUCLVN2DA_00044,u,ɽ,b,1.62,1.68,637.85,1719.66,28.274,Broad,,,FALSE,FALSE,TRUE,FALSE,FALSE,FALSE,,,
wild,outlier,hau,B22___03_2Peter______HAUCLVN2DA_00023,a,j,k,0.57,0.66,379.5,2169.82,18.403,,,Change,FALSE,FALSE,TRUE,FALSE,FALSE,TRUE,,e,prec: [j]
wild,outlier,hau,B23___01_1John_______HAUCLVN2DA_00007,u,m,SIL,3.54,3.69,603.85,720.92,17.287,,,,FALSE,TRUE,FALSE,FALSE,FALSE,FALSE,,,
wild,outlier,hau,B23___02_1John_______HAUCLVN2DA_00004,a,d,i,4.71,4.8,425.98,2103.53,14.886,,,Change,FALSE,FALSE,FALSE,FALSE,FALSE,TRUE,,e,foll: [i] ([a] & [i] combined?)
wild,outlier,hau,B23___04_1John_______HAUCLVN2DA_00018,a,SIL,l,13.11,13.2,522.31,725.43,17.064,Broad,,,FALSE,FALSE,FALSE,FALSE,FALSE,FALSE,,,
wild,outlier,hau,B24___01_2John_______HAUCLVN2DA_00015,a,j,ɽ,2.52,2.61,601.04,675.7,17.249,,,,FALSE,TRUE,FALSE,FALSE,FALSE,FALSE,,,
wild,outlier,hau,B25___01_3John_______HAUCLVN2DA_00016,i,d,m,0.84,0.9,472.62,890.34,16.445,,,,TRUE,FALSE,FALSE,TRUE,FALSE,FALSE,,,beep gives false formant
wild,outlier,hau,B27___01_Revelation__HAUCLVN2DA_00014,u,d,k,0.45,0.51,1080.85,1765.83,180.384,Target Overlap,,,FALSE,FALSE,FALSE,FALSE,FALSE,FALSE,,,
wild,outlier,hau,B27___04_Revelation__HAUCLVN2DA_00002,e,d,a,3.96,4.05,604.37,1572.29,14.386,Target Overlap,,,FALSE,FALSE,FALSE,FALSE,FALSE,FALSE,,,
wild,outlier,hau,B27___11_Revelation__HAUCLVN2DA_00021,u,k,m,7.98,8.07,542.63,1853.6,16.464,,,,TRUE,FALSE,FALSE,FALSE,FALSE,FALSE,,,
wild,outlier,hau,B27___14_Revelation__HAUCLVN2DA_00031,a,n,n,0.18,0.21,420.35,645.94,25.837,Broad,,Change,FALSE,FALSE,FALSE,FALSE,FALSE,FALSE,,ə,
wild,outlier,hau,B27___19_Revelation__HAUCLVN2DA_00009,i,a,d,0.39,0.42,1054,2071.41,125.728,Target Overlap,,Change,FALSE,FALSE,FALSE,FALSE,FALSE,TRUE,,ɛ,prec: [a] ([a] & [i] combined?)
wild,outlier,hau,B27___20_Revelation__HAUCLVN2DA_00024,i,l,t,6.3,6.36,1363.91,2637.08,291.838,,,Deletion,FALSE,FALSE,TRUE,FALSE,TRUE,FALSE,,,
wild,outlier,kaz,B01___04_Matthew_____KAZKAZN2DA_00025,ɑ,SIL,j,11.61,12.3,601.83,1908.66,18.289,,Broad,,FALSE,FALSE,TRUE,FALSE,FALSE,FALSE,,,
wild,outlier,kaz,B01___05_Matthew_____KAZKAZN2DA_00016,ə,t,SIL,1.68,1.8,966.62,1444.15,21.769,,Broad,,FALSE,FALSE,TRUE,FALSE,FALSE,FALSE,,,
wild,outlier,kaz,B01___06_Matthew_____KAZKAZN2DA_00014,ɑ,ʀ,s,0.27,0.3,496.42,1806.47,15.714,,Broad,,FALSE,FALSE,TRUE,FALSE,FALSE,FALSE,,,
wild,outlier,kaz,B01___09_Matthew_____KAZKAZN2DA_00002,ɑ,s,q,0.45,2.22,1455.93,2326.17,199.865,,Broad,,FALSE,FALSE,FALSE,FALSE,FALSE,FALSE,,,
wild,outlier,kaz,B01___09_Matthew_____KAZKAZN2DA_00036,ɑ,l,j,3.18,3.21,825.72,908.17,14.282,,Broad,,FALSE,FALSE,TRUE,FALSE,FALSE,FALSE,,,
wild,outlier,kaz,B01___11_Matthew_____KAZKAZN2DA_00040,ɑ,d,SIL,8.97,9,476.3,1882.74,20.396,,Broad,,FALSE,FALSE,TRUE,FALSE,FALSE,FALSE,,,
wild,outlier,kaz,B01___12_Matthew_____KAZKAZN2DA_00044,ʊ,w,s,0.84,0.87,966.9,2346.17,104.583,,Broad,,FALSE,FALSE,FALSE,FALSE,TRUE,FALSE,,,
wild,outlier,kaz,B01___13_Matthew_____KAZKAZN2DA_00016,ɑ,ʀ,i,4.44,4.5,427.01,1794.83,19.364,,Broad,,FALSE,FALSE,FALSE,TRUE,FALSE,FALSE,,,
wild,outlier,kaz,B01___13_Matthew_____KAZKAZN2DA_00063,i,p,ɾ,7.11,7.17,615.61,1344.74,18.581,,Broad,,FALSE,FALSE,TRUE,TRUE,FALSE,FALSE,,,
wild,outlier,kaz,B01___15_Matthew_____KAZKAZN2DA_00026,ɑ,l,p,4.53,4.59,887.15,1187.62,17.104,,Broad,,FALSE,FALSE,TRUE,FALSE,FALSE,FALSE,,,
wild,outlier,kaz,B01___15_Matthew_____KAZKAZN2DA_00057,ə,w,q,4.47,4.5,1005.23,1811.29,28.834,,Broad,,FALSE,FALSE,FALSE,TRUE,FALSE,FALSE,,,
wild,outlier,kaz,B01___17_Matthew_____KAZKAZN2DA_00025,i,d,p,7.86,7.89,664.12,1407.12,26.805,,Broad,,FALSE,FALSE,TRUE,FALSE,FALSE,FALSE,,,
wild,outlier,kaz,B01___18_Matthew_____KAZKAZN2DA_00046,æ,n,j,7.05,7.17,510.28,1047.93,24.527,,Broad,,FALSE,FALSE,TRUE,FALSE,FALSE,FALSE,,,
wild,outlier,kaz,B01___20_Matthew_____KAZKAZN2DA_00043,ɑ,q,t,10.56,10.74,923.21,2173.71,56.437,,Broad,,FALSE,FALSE,TRUE,FALSE,FALSE,FALSE,,,
wild,outlier,kaz,B01___21_Matthew_____KAZKAZN2DA_00025,ʊ,w,ɾ,5.64,5.67,1242.89,2285.59,189.343,,Broad,,FALSE,FALSE,TRUE,FALSE,FALSE,FALSE,,,
wild,outlier,kaz,B01___21_Matthew_____KAZKAZN2DA_00062,i,ŋ,k,1.17,1.2,179.55,1630.24,30.258,,Broad,,FALSE,FALSE,TRUE,FALSE,FALSE,FALSE,,,
wild,outlier,kaz,B01___23_Matthew_____KAZKAZN2DA_00064,ɑ,l,d,3.06,3.09,807.38,1613.51,14.728,,Broad,,FALSE,FALSE,TRUE,FALSE,FALSE,FALSE,,,
wild,outlier,kaz,B01___24_Matthew_____KAZKAZN2DA_00024,i,k,j,6,6.03,666.51,1507.32,27.636,Broad,Broad,,FALSE,FALSE,TRUE,FALSE,FALSE,FALSE,,,
wild,outlier,kaz,B01___24_Matthew_____KAZKAZN2DA_00036,i,b,b,0.18,0.54,264.65,1543.39,16.633,,Broad,,FALSE,FALSE,TRUE,FALSE,FALSE,FALSE,,,
wild,outlier,kaz,B01___24_Matthew_____KAZKAZN2DA_00045,ɑ,p,j,6.15,6.18,238.82,1395.35,29.216,Broad,,,FALSE,FALSE,TRUE,FALSE,FALSE,FALSE,,,
wild,outlier,kaz,B01___25_Matthew_____KAZKAZN2DA_00054,i,k,t,2.04,2.07,1488.86,2925.95,714.702,,Broad,,FALSE,FALSE,TRUE,FALSE,FALSE,FALSE,,,
wild,outlier,kaz,B01___25_Matthew_____KAZKAZN2DA_00061,i,ŋ,SIL,4.05,4.14,235.52,1345.42,30.291,,Broad,,FALSE,FALSE,TRUE,FALSE,FALSE,FALSE,,,
wild,outlier,kaz,B01___26_Matthew_____KAZKAZN2DA_00041,i,SIL,ʃ,2.64,2.67,1645.74,1954.51,745.04,,Broad,,FALSE,FALSE,TRUE,FALSE,FALSE,FALSE,,,
wild,outlier,kaz,B01___26_Matthew_____KAZKAZN2DA_00109,ɑ,ɑ,l,3.21,3.24,304.44,1138.89,19.022,,Broad,,FALSE,FALSE,FALSE,TRUE,FALSE,FALSE,,,
wild,outlier,kaz,B01___27_Matthew_____KAZKAZN2DA_00016,ə,SIL,j,1.05,1.08,1003.81,1776.05,28.162,,Broad,,FALSE,FALSE,TRUE,FALSE,FALSE,FALSE,,,
wild,outlier,kaz,B02___01_Mark________KAZKAZN2DA_00049,ə,ʒ,n,0.69,0.72,902.64,2127.77,27.33,,,,FALSE,FALSE,FALSE,FALSE,TRUE,FALSE,,,what happened here
wild,outlier,kaz,B02___01_Mark________KAZKAZN2DA_00049,ɑ,n,d,3.93,3.96,389.81,1914.29,28.303,,Broad,,FALSE,FALSE,TRUE,FALSE,FALSE,FALSE,,can't find alignment,
wild,outlier,kaz,B02___01_Mark________KAZKAZN2DA_00050,ɑ,d,SIL,0.36,0.42,312.55,1442.74,19.764,,Broad,,FALSE,FALSE,TRUE,TRUE,FALSE,FALSE,,can't find alignment,
wild,outlier,kaz,B02___04_Mark________KAZKAZN2DA_00014,i,b,ɾ,9.96,9.99,837.5,1170.87,73.017,,Broad,,FALSE,FALSE,FALSE,TRUE,FALSE,FALSE,,can't find alignment,
wild,outlier,kaz,B02___04_Mark________KAZKAZN2DA_00033,ɑ,j,SIL,11.91,12.18,273.89,1193.12,22.857,,Broad,,FALSE,FALSE,TRUE,FALSE,FALSE,FALSE,,can't find alignment,
wild,outlier,kaz,B02___06_Mark________KAZKAZN2DA_00056,i,SIL,l,1.05,1.08,613.19,703.98,35.769,,Broad,,FALSE,FALSE,TRUE,FALSE,FALSE,FALSE,,can't find alignment,
wild,outlier,kaz,B02___11_Mark________KAZKAZN2DA_00034,æ,ʃ,k,1.32,1.35,343.97,1523.74,14.752,,Broad,,FALSE,FALSE,FALSE,TRUE,FALSE,FALSE,,can't find alignment,
wild,outlier,kaz,B02___14_Mark________KAZKAZN2DA_00031,ʉ,l,j,5.55,5.58,586.09,1447.13,16.215,,X Transcript,,FALSE,FALSE,TRUE,FALSE,FALSE,FALSE,,,no phones apparent
wild,outlier,kaz,B02___14_Mark________KAZKAZN2DA_00042,i,n,SIL,10.92,11.01,424.74,1148.22,14.218,,Broad,,FALSE,FALSE,TRUE,FALSE,FALSE,FALSE,,can't find alignment,
wild,outlier,kaz,B02___14_Mark________KAZKAZN2DA_00044,ə,d,SIL,3.6,3.78,1562.75,2977.4,142.14,,X Transcript,,FALSE,FALSE,TRUE,FALSE,FALSE,FALSE,,,no phones apparent
wild,outlier,kaz,B02___15_Mark________KAZKAZN2DA_00059,ɑ,s,b,0.51,0.54,341.7,1415.66,15.921,,X Transcript,,FALSE,FALSE,TRUE,FALSE,FALSE,FALSE,,,no phones apparent
wild,outlier,kaz,B02___16_Mark________KAZKAZN2DA_00002,ɑ,d,j,9.93,9.96,414.5,1778.57,19.619,,Broad,,FALSE,FALSE,FALSE,FALSE,FALSE,FALSE,,can't find alignment,
wild,outlier,kaz,B02___16_Mark________KAZKAZN2DA_00021,ɑ,SIL,q,0.03,0.06,500.19,1889.61,19.579,,Broad,,FALSE,FALSE,TRUE,FALSE,FALSE,FALSE,,can't find alignment,
wild,outlier,kaz,B03___03_Luke________KAZKAZN2DA_00031,i,SIL,t,3.15,3.36,952.42,1895.36,146.064,,Broad,,FALSE,FALSE,FALSE,TRUE,FALSE,FALSE,,can't find alignment,
wild,outlier,kaz,B03___05_Luke________KAZKAZN2DA_00028,æ,d,l,9.63,9.66,686.45,948.41,27.407,,X Transcript,,FALSE,FALSE,TRUE,FALSE,FALSE,FALSE,,,no phones apparent
wild,outlier,kaz,B03___06_Luke________KAZKAZN2DA_00046,i,d,ɾ,3.3,3.33,1058.61,2321.87,242.637,,X Transcript,,FALSE,FALSE,TRUE,FALSE,FALSE,FALSE,,,no phones apparent
wild,outlier,kaz,B03___08_Luke________KAZKAZN2DA_00028,ə,ɾ,q,3.99,4.05,909.97,1384.98,17.164,,Broad,,FALSE,FALSE,TRUE,FALSE,FALSE,FALSE,,can't find alignment,
wild,outlier,kaz,B03___09_Luke________KAZKAZN2DA_00054,ə,k,j,3.93,3.96,1212.97,2391.1,65.055,,Broad,,FALSE,FALSE,TRUE,FALSE,FALSE,FALSE,,can't find alignment,
wild,outlier,kaz,B03___09_Luke________KAZKAZN2DA_00055,ʊ,m,s,5.97,6,841.31,2177.93,67.048,,Broad,,FALSE,FALSE,TRUE,FALSE,FALSE,FALSE,,can't find alignment,
wild,outlier,kaz,B03___12_Luke________KAZKAZN2DA_00054,æ,SIL,d,5.07,5.19,532.23,885.3,37.267,,Broad,,FALSE,FALSE,TRUE,FALSE,FALSE,FALSE,,can't find alignment,
wild,outlier,kaz,B03___14_Luke________KAZKAZN2DA_00007,ə,ʒ,j,1.11,1.14,309.8,2348.95,18.994,,Broad,,FALSE,FALSE,TRUE,FALSE,FALSE,FALSE,,can't find alignment,
wild,outlier,kaz,B03___15_Luke________KAZKAZN2DA_00019,ə,d,ŋ,0.18,0.21,906.38,1396.27,16.935,,Broad,,FALSE,FALSE,TRUE,FALSE,FALSE,FALSE,,can't find alignment,
wild,outlier,kaz,B03___15_Luke________KAZKAZN2DA_00032,i,k,m,0.12,0.15,258.56,1312.84,27.243,,Broad,,FALSE,FALSE,TRUE,FALSE,FALSE,FALSE,,can't find alignment,
wild,outlier,kaz,B03___16_Luke________KAZKAZN2DA_00025,ɑ,b,j,1.83,1.86,353.08,1036.54,14.415,,Broad,,FALSE,FALSE,TRUE,FALSE,FALSE,FALSE,,can't find alignment,
wild,outlier,kaz,B03___16_Luke________KAZKAZN2DA_00033,i,j,w,9.87,9.9,474.98,1031,17.256,,Broad,,FALSE,FALSE,TRUE,FALSE,FALSE,FALSE,,can't find alignment,
wild,outlier,kaz,B03___17_Luke________KAZKAZN2DA_00030,ʊ,w,l,5.4,5.43,680.38,2069.88,36.969,Broad,,,FALSE,FALSE,TRUE,FALSE,TRUE,FALSE,,,
wild,outlier,kaz,B03___17_Luke________KAZKAZN2DA_00052,i,n,t,2.85,2.88,567.21,1040.97,19.326,,Broad,,FALSE,FALSE,TRUE,FALSE,FALSE,FALSE,,can't find alignment,
wild,outlier,kaz,B03___19_Luke________KAZKAZN2DA_00058,ɑ,d,SIL,7.92,7.95,833.27,1848.67,26.311,,X Transcript,,FALSE,FALSE,TRUE,FALSE,FALSE,FALSE,,,no phones apparent
wild,outlier,kaz,B03___22_Luke________KAZKAZN2DA_00057,i,d,SIL,2.88,3.54,837.84,1891.48,91.907,Broad,,,FALSE,FALSE,FALSE,FALSE,FALSE,FALSE,,,
wild,outlier,kaz,B03___24_Luke________KAZKAZN2DA_00010,ə,b,j,1.02,1.05,1012.29,2240.34,39.263,,Broad,,FALSE,FALSE,TRUE,FALSE,FALSE,FALSE,,can't find alignment,
wild,outlier,kaz,B03___24_Luke________KAZKAZN2DA_00019,ɑ,t,n,1.23,1.32,884.48,1141.12,16.995,,Broad,,FALSE,FALSE,FALSE,FALSE,FALSE,FALSE,,can't find alignment,
wild,outlier,kaz,B04___06_John________KAZKAZN2DA_00055,i,k,m,4.56,4.59,329.99,796.55,44.746,,Broad,,FALSE,FALSE,TRUE,FALSE,FALSE,FALSE,,can't find alignment,
wild,outlier,kaz,B04___07_John________KAZKAZN2DA_00039,ɑ,ʀ,n,9.3,9.33,353.36,1962.9,34.589,,Broad,,FALSE,FALSE,TRUE,FALSE,FALSE,FALSE,,can't find alignment,
wild,outlier,kaz,B04___08_John________KAZKAZN2DA_00022,i,SIL,ɾ,2.85,2.94,639.96,997.27,28.035,Broad,,,FALSE,FALSE,FALSE,FALSE,FALSE,FALSE,,,
wild,outlier,kaz,B04___08_John________KAZKAZN2DA_00076,i,SIL,d,6.33,6.6,1076.69,1413.57,190.342,,X Transcript,,FALSE,FALSE,TRUE,FALSE,FALSE,FALSE,,,no phones apparent
wild,outlier,kaz,B04___10_John________KAZKAZN2DA_00023,ə,t,s,3.69,3.72,812.1,1769.36,14.14,,Broad,,FALSE,FALSE,TRUE,FALSE,FALSE,FALSE,,can't find alignment,
wild,outlier,kaz,B04___10_John________KAZKAZN2DA_00025,ɑ,ɾ,q,1.8,1.83,881.94,1423.54,17.986,,Broad,,FALSE,FALSE,TRUE,FALSE,FALSE,FALSE,,can't find alignment,
wild,outlier,kaz,B04___10_John________KAZKAZN2DA_00040,i,ə,ʃ,3.18,3.21,572.32,1144.92,16.814,Broad,,,FALSE,FALSE,TRUE,FALSE,FALSE,FALSE,,,
wild,outlier,kaz,B04___17_John________KAZKAZN2DA_00021,ə,ʀ,ʃ,5.94,5.97,853.48,1811.03,17.303,,Broad,,FALSE,FALSE,TRUE,FALSE,FALSE,FALSE,,can't find alignment,
wild,outlier,kaz,B04___18_John________KAZKAZN2DA_00029,ə,SIL,j,6.9,6.93,1564.84,1859.99,103.364,Broad,,Change,FALSE,FALSE,FALSE,FALSE,FALSE,FALSE,,[a],
wild,outlier,kaz,B04___18_John________KAZKAZN2DA_00034,ʉ,k,n,6.51,6.54,937,2204.7,150.654,,Broad,,FALSE,FALSE,TRUE,FALSE,FALSE,FALSE,,can't find alignment,
wild,outlier,kaz,B04___18_John________KAZKAZN2DA_00049,i,m,s,3.51,3.6,583.83,995.33,22.036,,Broad,,FALSE,FALSE,FALSE,FALSE,FALSE,FALSE,,can't find alignment,
wild,outlier,kaz,B04___20_John________KAZKAZN2DA_00038,ɑ,q,t,6.96,6.99,288.8,1124.39,21.136,Broad,,,FALSE,FALSE,TRUE,FALSE,FALSE,FALSE,,,
wild,outlier,kaz,B05___01_Acts________KAZKAZN2DA_00021,ə,SIL,j,4.02,4.08,223.16,2308.13,20.101,Broad,,,FALSE,FALSE,TRUE,FALSE,FALSE,FALSE,,prec:[k],
wild,outlier,kaz,B05___04_Acts________KAZKAZN2DA_00006,ə,SIL,j,5.34,5.37,288.31,2401.75,21.292,,Broad,,FALSE,FALSE,FALSE,FALSE,FALSE,FALSE,,can't find alignment,
wild,outlier,kaz,B05___08_Acts________KAZKAZN2DA_00036,ɑ,ʀ,m,4.11,4.14,309.42,898.47,22.057,,Broad,,FALSE,FALSE,FALSE,FALSE,FALSE,FALSE,,can't find alignment,
wild,outlier,kaz,B05___09_Acts________KAZKAZN2DA_00017,ə,SIL,j,5.7,5.76,282.31,2531.87,26.261,,Broad,,FALSE,FALSE,TRUE,FALSE,FALSE,FALSE,,can't find alignment,
wild,outlier,kaz,B05___13_Acts________KAZKAZN2DA_00010,i,n,ʃ,9.72,9.78,1131.31,2241.47,285.774,Target Overlap,,,FALSE,FALSE,TRUE,FALSE,FALSE,FALSE,,,
wild,outlier,kaz,B05___15_Acts________KAZKAZN2DA_00004,ʊ,w,d,3.69,3.72,151.18,722.61,24.729,,X Transcript,,FALSE,FALSE,FALSE,TRUE,FALSE,FALSE,,,no phones apparent
wild,outlier,kaz,B05___16_Acts________KAZKAZN2DA_00017,ɑ,t,s,5.34,5.4,282.48,1036.63,22.896,,Broad,,FALSE,FALSE,FALSE,FALSE,FALSE,FALSE,,can't find alignment,
wild,outlier,kaz,B05___17_Acts________KAZKAZN2DA_00020,ɑ,d,s,3.9,3.96,292.24,1224.06,20.363,,Broad,,FALSE,FALSE,TRUE,FALSE,FALSE,FALSE,,can't find alignment,
wild,outlier,kaz,B05___18_Acts________KAZKAZN2DA_00003,ə,d,j,3.03,3.06,252.05,2244.2,17.173,,X Transcript,,FALSE,FALSE,FALSE,TRUE,FALSE,FALSE,,,no phones apparent
wild,outlier,kaz,B05___19_Acts________KAZKAZN2DA_00034,ə,k,j,2.28,2.31,227.11,2105.07,14.107,,X Transcript,,FALSE,FALSE,TRUE,TRUE,TRUE,FALSE,,,
wild,outlier,kaz,B05___21_Acts________KAZKAZN2DA_00044,ɑ,SIL,ɾ,12.78,13.02,1006.42,1881.73,51.007,,Broad,,FALSE,FALSE,FALSE,FALSE,FALSE,FALSE,,can't find alignment,
wild,outlier,kaz,B05___27_Acts________KAZKAZN2DA_00005,ɑ,ɾ,j,1.11,1.17,341.66,2058.6,41.713,,Broad,,FALSE,FALSE,FALSE,FALSE,FALSE,FALSE,,can't find alignment,
wild,outlier,kaz,B05___28_Acts________KAZKAZN2DA_00030,ɑ,ʒ,z,27.96,27.99,608.03,2194.33,36.596,,Broad,,FALSE,FALSE,TRUE,FALSE,FALSE,FALSE,,can't find alignment,
wild,outlier,kaz,B05___28_Acts________KAZKAZN2DA_00033,ɑ,SIL,t,4.65,4.92,335.18,1640.66,22.054,,X Transcript,,FALSE,FALSE,TRUE,FALSE,FALSE,FALSE,,,no phones apparent
wild,outlier,kaz,B06___05_James_______KAZKAZN2DA_00022,ʉ,k,ʃ,2.73,2.76,1791.24,2864.52,889.308,,Broad,,FALSE,FALSE,FALSE,FALSE,FALSE,FALSE,,can't find alignment,
wild,outlier,kaz,B13___02_Romans______KAZKAZN2DA_00020,ə,SIL,j,7.95,8.01,281,2213.47,15.452,,X Transcript,,FALSE,FALSE,TRUE,FALSE,FALSE,FALSE,,,no phones apparent
wild,outlier,kaz,B13___03_Romans______KAZKAZN2DA_00033,ʊ,ə,s,4.11,4.14,417.8,2007.07,20.699,,Broad,,FALSE,FALSE,TRUE,FALSE,FALSE,FALSE,,can't find alignment,
wild,outlier,kaz,B13___14_Romans______KAZKAZN2DA_00009,i,d,SIL,5.13,5.28,512.63,2272.69,15.302,,,,FALSE,TRUE,FALSE,FALSE,FALSE,FALSE,,prec:[dʒ],
wild,outlier,kaz,B13___16_Romans______KAZKAZN2DA_00006,ʉ,n,ʃ,1.11,1.14,655.05,1709.77,34.048,,Broad,,FALSE,FALSE,TRUE,FALSE,FALSE,FALSE,,can't find alignment,
wild,outlier,kaz,B14___03_1CorinthiansKAZKAZN2DA_00026,ʊ,n,s,9.6,9.63,1148.76,3297.9,237.309,,Broad,,FALSE,FALSE,FALSE,FALSE,FALSE,FALSE,,can't find alignment,
wild,outlier,kaz,B14___06_1CorinthiansKAZKAZN2DA_00033,ʉ,SIL,j,4.8,4.92,1837.56,2680.51,917.476,,Broad,,FALSE,FALSE,TRUE,FALSE,FALSE,FALSE,,can't find alignment,
wild,outlier,kaz,B14___14_1CorinthiansKAZKAZN2DA_00048,ə,s,j,8.97,9,1163.73,2623.32,68.142,,X Transcript,,FALSE,FALSE,TRUE,FALSE,FALSE,FALSE,,,no phones apparent
wild,outlier,kaz,B15___05_2CorinthiansKAZKAZN2DA_00013,i,t,ɾ,2.46,2.55,513.57,2262.23,15.084,,Broad,,FALSE,FALSE,TRUE,FALSE,FALSE,FALSE,,can't find alignment,
wild,outlier,kaz,B15___05_2CorinthiansKAZKAZN2DA_00024,ɑ,d,j,0.18,0.21,412.32,1850.14,23.086,Broad,,,FALSE,FALSE,TRUE,FALSE,FALSE,FALSE,,,no phones apparent
wild,outlier,kaz,B15___11_2CorinthiansKAZKAZN2DA_00027,ʉ,SIL,ʃ,11.46,11.49,1157.83,1736.85,239.141,,X Transcript,,FALSE,FALSE,TRUE,FALSE,FALSE,FALSE,,,
wild,outlier,kaz,B17___01_Ephesians___KAZKAZN2DA_00022,i,ɡ,ɥ,6.57,6.72,386.2,1163.47,16.277,,Broad,,FALSE,FALSE,TRUE,FALSE,FALSE,FALSE,,foll:[ɾ],
wild,outlier,kaz,B18___01_Philippians_KAZKAZN2DA_00015,ʉ,m,ʃ,8.04,8.07,1692.86,2752.8,768.285,,Broad,,FALSE,FALSE,TRUE,FALSE,FALSE,FALSE,,can't find alignment,
wild,outlier,kaz,B24___03_Titus_______KAZKAZN2DA_00016,ə,SIL,j,8.67,8.79,554.19,2252.92,15.409,,Broad,,FALSE,FALSE,FALSE,FALSE,FALSE,FALSE,,can't find alignment,
wild,outlier,kaz,B27___01_Revelation__KAZKAZN2DA_00025,ɑ,p,q,3.48,3.51,327.2,1577.23,21.053,Target Overlap,,,FALSE,FALSE,TRUE,TRUE,FALSE,FALSE,,,bell clanging at this vowel
wild,outlier,kaz,B27___13_Revelation__KAZKAZN2DA_00015,ʊ,m,n,4.47,4.53,714,2470.85,63.481,,X Transcript,,FALSE,FALSE,FALSE,TRUE,FALSE,FALSE,,,no phones apparent
wild,outlier,kaz,B27___17_Revelation__KAZKAZN2DA_00009,ʊ,q,d,0.87,0.93,563,1887.32,19.147,Broad,,,FALSE,FALSE,FALSE,FALSE,TRUE,FALSE,,,
wild,outlier,kaz,B27___18_Revelation__KAZKAZN2DA_00026,ʊ,w,ʃ,12.36,12.39,1021.44,1819.14,93.321,,Broad,,FALSE,FALSE,TRUE,FALSE,FALSE,FALSE,,can't find alignment,
wild,outlier,swe,B01___01_Matthew_____SWESFVN2DA_00008,ʉː,r,SIL,4.83,4.92,988.88,2427.65,306.537,Target Overlap,,,FALSE,FALSE,TRUE,FALSE,FALSE,FALSE,,,
wild,outlier,swe,B01___02_Matthew_____SWESFVN2DA_00011,ɛ,oː,r,6.63,6.66,1298.79,2118.77,108.28,,X Sounds,,FALSE,FALSE,FALSE,FALSE,FALSE,FALSE,,foll:[ʃ],
wild,outlier,swe,B01___08_Matthew_____SWESFVN2DA_00043,øː,SIL,n,15.03,15.27,303.97,2192.08,19.231,,Broad,,FALSE,FALSE,FALSE,FALSE,FALSE,FALSE,,,
wild,outlier,swe,B01___09_Matthew_____SWESFVN2DA_00068,œ,r,r,0.6,0.63,894.54,1263.55,83.64,,Broad,,FALSE,FALSE,FALSE,TRUE,FALSE,FALSE,,,
wild,outlier,swe,B01___09_Matthew_____SWESFVN2DA_00070,ɔ,SIL,SIL,1.44,1.74,606.71,1332.65,26.067,,Broad,,FALSE,FALSE,FALSE,TRUE,FALSE,FALSE,,,
wild,outlier,swe,B01___14_Matthew_____SWESFVN2DA_00034,ɪ,f,ɐ,2.22,2.31,634.91,1901.32,68.714,Target Overlap,X Sounds,,FALSE,FALSE,FALSE,TRUE,FALSE,FALSE,,foll:[sk],
wild,outlier,swe,B01___14_Matthew_____SWESFVN2DA_00049,iː,m,ɡ,3.33,3.36,413.94,1193.86,19.534,,Broad,,FALSE,FALSE,FALSE,TRUE,FALSE,FALSE,,,
wild,outlier,swe,B01___15_Matthew_____SWESFVN2DA_00028,eː,p,n,4.14,4.17,788.49,1889.3,50.061,Broad,,,FALSE,FALSE,TRUE,FALSE,FALSE,FALSE,,,
wild,outlier,swe,B01___15_Matthew_____SWESFVN2DA_00050,eː,d,SIL,0.81,0.84,1110.51,2216.06,148.578,Broad,,,FALSE,FALSE,TRUE,FALSE,FALSE,FALSE,,,
wild,outlier,swe,B01___24_Matthew_____SWESFVN2DA_00049,ɪ,n,uː,7.23,7.32,1365.14,2369.89,714.863,Target Overlap,X Sounds,,FALSE,FALSE,FALSE,FALSE,FALSE,FALSE,,prec:[ʃ],
wild,outlier,swe,B01___25_Matthew_____SWESFVN2DA_00028,ɔ,t,j,2.88,2.91,312.67,1781.66,18.6,Broad,,,FALSE,FALSE,TRUE,FALSE,FALSE,FALSE,,,
wild,outlier,swe,B01___26_Matthew_____SWESFVN2DA_00014,øː,f,r,1.26,1.32,419.64,769.72,20.894,Broad,,,FALSE,FALSE,TRUE,FALSE,FALSE,FALSE,,,
wild,outlier,swe,B01___26_Matthew_____SWESFVN2DA_00079,eː,d,t,0.51,0.54,999.95,1894.23,109.997,,Broad,,FALSE,FALSE,TRUE,FALSE,FALSE,FALSE,,,
wild,outlier,swe,B01___26_Matthew_____SWESFVN2DA_00079,iː,m,ɡ,7.92,7.95,628.76,1129.52,71.165,,Broad,,FALSE,FALSE,TRUE,TRUE,FALSE,FALSE,,,
wild,outlier,swe,B01___27_Matthew_____SWESFVN2DA_00029,ʏ,r,k,1.92,1.95,677.79,1447.43,93.672,,Broad,,FALSE,FALSE,TRUE,TRUE,FALSE,FALSE,,,
wild,outlier,swe,B01___28_Matthew_____SWESFVN2DA_00031,iː,d,t,4.41,4.56,638.06,1535.05,62.082,,Broad,,FALSE,FALSE,FALSE,TRUE,FALSE,FALSE,,,
wild,outlier,swe,B02___02_Mark________SWESFVN2DA_00017,ɐ,t,s,0.36,0.39,355.28,2118.53,50.98,,Broad,,FALSE,FALSE,TRUE,TRUE,FALSE,FALSE,,,
wild,outlier,swe,B02___10_Mark________SWESFVN2DA_00035,ɑː,ʉː,ɪ,0.81,0.99,1461.36,2087.14,111.667,,X Sounds,,FALSE,FALSE,TRUE,FALSE,FALSE,FALSE,,prec:[sk],
wild,outlier,swe,B02___10_Mark________SWESFVN2DA_00036,ʉː,d,ɑː,0.87,0.93,1660.9,3185.38,1200.947,Target Overlap,X Sounds,,FALSE,FALSE,TRUE,FALSE,FALSE,FALSE,,foll:[sk],
wild,outlier,swe,B02___14_Mark________SWESFVN2DA_00009,ɔ,SIL,j,3.39,3.45,357.83,2319.92,51.305,,,,FALSE,TRUE,FALSE,TRUE,FALSE,TRUE,,foll:[j],
wild,outlier,swe,B02___14_Mark________SWESFVN2DA_00019,ɛ,v,r,1.5,1.53,400.99,764.01,21.468,,Broad,,FALSE,FALSE,TRUE,FALSE,FALSE,FALSE,,,
wild,outlier,swe,B02___15_Mark________SWESFVN2DA_00034,uː,h,n,7.92,8.16,444.98,2139.91,38.874,,Broad,,FALSE,FALSE,TRUE,FALSE,FALSE,FALSE,,,
wild,outlier,swe,B02___16_Mark________SWESFVN2DA_00024,oː,l,ɡ,5.82,5.85,1401.31,2073.31,556.552,,Broad,,FALSE,FALSE,TRUE,FALSE,FALSE,FALSE,,,
wild,outlier,swe,B03___01_Luke________SWESFVN2DA_00012,uː,f,l,2.49,2.55,485.52,2167.69,46.174,,,,TRUE,FALSE,TRUE,FALSE,FALSE,FALSE,,[ʊ],formant issue
wild,outlier,swe,B03___02_Luke________SWESFVN2DA_00042,ɪ,d,t,9.06,9.15,459.33,1568.31,17.436,,Broad,,FALSE,FALSE,TRUE,FALSE,FALSE,FALSE,,,
wild,outlier,swe,B03___05_Luke________SWESFVN2DA_00037,ɛ,h,r,1.62,1.65,936.23,1782.5,39.281,,Broad,,FALSE,FALSE,TRUE,FALSE,FALSE,FALSE,,,
wild,outlier,swe,B03___08_Luke________SWESFVN2DA_00040,ɔ,n,SIL,4.83,4.86,866.2,1812.89,117,,Broad,,FALSE,FALSE,TRUE,FALSE,FALSE,FALSE,,,
wild,outlier,swe,B03___08_Luke________SWESFVN2DA_00069,ɔ,d,SIL,5.7,5.76,749.77,2011.62,93.793,,Broad,,FALSE,FALSE,FALSE,TRUE,FALSE,FALSE,,,
wild,outlier,swe,B03___10_Luke________SWESFVN2DA_00043,ɛː,n,r,0.57,0.6,1064.57,1908.27,70.398,,Broad,,FALSE,FALSE,TRUE,FALSE,FALSE,FALSE,,,
wild,outlier,swe,B03___11_Luke________SWESFVN2DA_00013,ɐ,n,t,3.42,3.48,1124.64,2252.43,95.4,,,,TRUE,FALSE,FALSE,FALSE,FALSE,FALSE,,,
wild,outlier,swe,B03___14_Luke________SWESFVN2DA_00024,eː,d,SIL,3.66,5.34,721.63,1796.4,36.36,,Broad,,FALSE,FALSE,TRUE,FALSE,FALSE,FALSE,,,
wild,outlier,swe,B03___18_Luke________SWESFVN2DA_00022,ɐ,n,p,2.67,2.85,1197.19,1498.77,29.14,Target Overlap,X Sounds,,FALSE,FALSE,TRUE,FALSE,FALSE,,,prec:[sk],
wild,outlier,swe,B03___22_Luke________SWESFVN2DA_00019,oː,d,ɑː,0.15,0.21,1595.51,2614.02,808.03,Target Overlap,X Sounds,,FALSE,FALSE,FALSE,FALSE,FALSE,FALSE,,foll:[s],check music
wild,outlier,swe,B03___22_Luke________SWESFVN2DA_00030,ɑː,d,j,1.26,1.44,831.36,1684.09,17.256,Target Overlap,X Sounds,,FALSE,FALSE,TRUE,FALSE,FALSE,FALSE,,prec:[sk],
wild,outlier,swe,B03___24_Luke________SWESFVN2DA_00006,eː,d,SIL,4.98,5.04,660.08,1416.8,28.808,,X Transcript,,FALSE,FALSE,TRUE,FALSE,FALSE,FALSE,,deː,"just music, no vowel or consonant"
wild,outlier,swe,B03___24_Luke________SWESFVN2DA_00052,eː,m,d,6.51,6.54,1108.84,1870.57,150.286,,Broad,,FALSE,FALSE,TRUE,FALSE,FALSE,FALSE,,,
wild,outlier,swe,B04___05_John________SWESFVN2DA_00023,iː,d,n,8.07,8.1,994.68,2105.55,240.896,,Broad,,FALSE,FALSE,TRUE,TRUE,FALSE,FALSE,,,
wild,outlier,swe,B04___06_John________SWESFVN2DA_00018,ɪ,r,ŋ,0.9,1.08,461.85,1445.92,19.552,,Broad,,FALSE,FALSE,TRUE,FALSE,FALSE,FALSE,,,
wild,outlier,swe,B04___06_John________SWESFVN2DA_00098,eː,ɕ,r,2.22,2.25,1047.57,2348.59,125.17,,Broad,,FALSE,FALSE,FALSE,FALSE,FALSE,FALSE,,,
wild,outlier,swe,B04___07_John________SWESFVN2DA_00046,ɪ,t,ŋ,2.7,2.76,496.51,1486.39,26.826,,Broad,,FALSE,FALSE,FALSE,TRUE,FALSE,FALSE,,,
wild,outlier,swe,B04___08_John________SWESFVN2DA_00111,ɑː,SIL,ɐ,2.22,2.43,953.16,1953.84,33.632,,X Sounds,,FALSE,FALSE,FALSE,FALSE,FALSE,TRUE,,s,no vowel there as well
wild,outlier,swe,B04___12_John________SWESFVN2DA_00011,ɪ,n,ŋ,3.27,3.3,485.7,1519.05,23.767,,Broad,,FALSE,FALSE,TRUE,TRUE,FALSE,FALSE,,,
wild,outlier,swe,B04___13_John________SWESFVN2DA_00053,eː,d,SIL,4.5,4.8,620.19,2027.53,19.255,,Broad,,FALSE,FALSE,FALSE,FALSE,FALSE,FALSE,,,
wild,outlier,swe,B04___14_John________SWESFVN2DA_00039,ɑː,j,ɡ,0.42,0.57,1346.33,2373.97,102.754,Target Overlap,X Sounds,,FALSE,FALSE,FALSE,FALSE,FALSE,TRUE,,"prec:[k], foll:[s]",no j
wild,outlier,swe,B04___18_John________SWESFVN2DA_00032,ɑː,h,d,1.17,1.2,849.82,2245.91,34.97,,Broad,,FALSE,FALSE,TRUE,FALSE,FALSE,FALSE,,,
wild,outlier,swe,B04___19_John________SWESFVN2DA_00047,ɐ,s,m,4.65,4.71,476.84,946.39,17.038,,Broad,,FALSE,FALSE,FALSE,TRUE,FALSE,FALSE,,,
wild,outlier,swe,B04___21_John________SWESFVN2DA_00010,eː,m,n,4.92,4.98,1154.86,2071.75,167.139,,Broad,,FALSE,FALSE,TRUE,TRUE,FALSE,FALSE,,,
wild,outlier,swe,B05___03_Acts________SWESFVN2DA_00018,eː,n,s,2.19,2.22,1169.73,2170.72,172.796,Target Overlap,,,FALSE,FALSE,FALSE,FALSE,FALSE,FALSE,,,
wild,outlier,swe,B05___04_Acts________SWESFVN2DA_00016,ɑː,t,SIL,8.85,9,915.73,1413.31,21.944,,,,TRUE,FALSE,TRUE,FALSE,FALSE,FALSE,,,
wild,outlier,swe,B05___06_Acts________SWESFVN2DA_00006,ɑː,v,ɑː,1.05,1.11,981.77,1525.7,28.853,Broad,,,FALSE,FALSE,TRUE,FALSE,FALSE,FALSE,,foll:[s],
wild,outlier,swe,B05___06_Acts________SWESFVN2DA_00016,eː,ɕ,t,1.89,1.92,993.76,2058.75,106.889,Broad,,,FALSE,FALSE,FALSE,FALSE,FALSE,FALSE,,,
wild,outlier,swe,B05___07_Acts________SWESFVN2DA_00036,œ,f,r,2.91,2.97,383.87,2088.8,15.729,,Broad,,FALSE,FALSE,TRUE,FALSE,FALSE,FALSE,,,
wild,outlier,swe,B05___07_Acts________SWESFVN2DA_00045,ʏ,f,r,0.57,0.6,437.1,1354.81,16.039,Broad,,,FALSE,FALSE,TRUE,FALSE,FALSE,FALSE,,,
wild,outlier,swe,B05___08_Acts________SWESFVN2DA_00014,ɑː,h,n,0.36,0.42,995.99,1350.98,29.814,,,,TRUE,FALSE,FALSE,FALSE,FALSE,FALSE,,,
wild,outlier,swe,B05___09_Acts________SWESFVN2DA_00074,eː,d,h,0.57,0.6,1452.46,2587.75,311.068,,Broad,,FALSE,FALSE,FALSE,FALSE,FALSE,FALSE,,,
wild,outlier,swe,B05___12_Acts________SWESFVN2DA_00009,eː,d,f,9.6,9.63,1574.22,2603.66,383.346,Target Overlap,,,FALSE,FALSE,TRUE,FALSE,FALSE,FALSE,,,
wild,outlier,swe,B05___13_Acts________SWESFVN2DA_00008,ɔ,SIL,p,1.38,1.41,395.48,1910.52,27.028,,,,TRUE,FALSE,TRUE,FALSE,FALSE,FALSE,,,
wild,outlier,swe,B05___13_Acts________SWESFVN2DA_00064,eː,d,h,3.96,3.99,53.46,1543.47,21.842,,,,TRUE,FALSE,FALSE,FALSE,FALSE,FALSE,,,
wild,outlier,swe,B05___15_Acts________SWESFVN2DA_00035,ɵ,SIL,t,3.3,3.33,451.66,1973.67,41.504,Broad,X Transcript,,FALSE,FALSE,TRUE,FALSE,FALSE,FALSE,,SIL,
wild,outlier,swe,B05___16_Acts________SWESFVN2DA_00031,iː,SIL,j,1.38,1.71,1835.31,2835.1,1190.901,Target Overlap,X Transcript,,FALSE,FALSE,TRUE,FALSE,FALSE,FALSE,,idk sound,
wild,outlier,swe,B05___16_Acts________SWESFVN2DA_00065,ɪ,t,l,1.74,1.83,421.11,1277.9,14.921,Broad,,,FALSE,FALSE,FALSE,FALSE,FALSE,TRUE,,prev: fricative,
wild,outlier,swe,B05___19_Acts________SWESFVN2DA_00050,ɑː,eː,t,3.9,3.93,899.96,1742.07,23.789,Broad,,,FALSE,FALSE,TRUE,TRUE,FALSE,FALSE,,,
wild,outlier,swe,B05___19_Acts________SWESFVN2DA_00052,ɑː,n,SIL,3.06,3.15,1384.9,2174.42,100.697,Broad,,,FALSE,FALSE,TRUE,FALSE,FALSE,FALSE,,,
wild,outlier,swe,B05___21_Acts________SWESFVN2DA_00002,ɪ,r,f,7.56,7.62,1752.71,2031.39,1344.935,Target Overlap,,,FALSE,FALSE,FALSE,FALSE,FALSE,FALSE,,,
wild,outlier,swe,B05___21_Acts________SWESFVN2DA_00050,ɔ,t,j,3.39,3.42,279.96,2377.86,53.788,Broad,X Transcript,,FALSE,FALSE,TRUE,TRUE,FALSE,,,prec:[t],
wild,outlier,swe,B05___21_Acts________SWESFVN2DA_00054,ɵ,n,l,3.54,3.57,956.96,1475.55,247.75,Broad,X Sounds,,FALSE,FALSE,TRUE,FALSE,FALSE,TRUE,,prec:[sk],
wild,outlier,swe,B05___22_Acts________SWESFVN2DA_00050,ɑː,ɪ,SIL,0.57,0.63,1291.54,2121.12,82.825,Broad,X Transcript,,FALSE,FALSE,TRUE,FALSE,FALSE,FALSE,,[sk] is there and not transcribed,"ɑː, SIL not there"
wild,outlier,swe,B05___27_Acts________SWESFVN2DA_00050,ɛ,t,r,2.01,2.04,1252.25,2432.08,99.011,,Broad,,FALSE,FALSE,FALSE,FALSE,FALSE,FALSE,,,
wild,outlier,swe,B06___08_Romans______SWESFVN2DA_00030,ɐ,b,r,8.82,8.85,548.61,954.04,16.515,,,,FALSE,TRUE,TRUE,FALSE,FALSE,FALSE,,,
wild,outlier,swe,B07___08_1CorinthiansSWESFVN2DA_00002,ɐ,n,v,2.73,2.82,457.63,877.05,23.048,,,Change,FALSE,FALSE,TRUE,FALSE,FALSE,FALSE,,ɔ,
wild,outlier,swe,B07___10_1CorinthiansSWESFVN2DA_00019,ɑː,k,n,3.33,3.36,1797.82,2588.19,210.82,Broad,,,FALSE,FALSE,FALSE,FALSE,FALSE,FALSE,,,
wild,outlier,swe,B07___12_1CorinthiansSWESFVN2DA_00050,ɑː,j,ɡ,0.84,0.96,1705.64,2175.72,167.674,Broad,X Transcript,,FALSE,FALSE,FALSE,FALSE,FALSE,FALSE,,no ɡ following,
wild,outlier,swe,B07___15_1CorinthiansSWESFVN2DA_00026,oː,s,ɐ,3.27,3.3,598.39,1217.5,27.968,,,Change,FALSE,FALSE,FALSE,FALSE,FALSE,FALSE,,ɔ,
wild,outlier,swe,B07___16_1CorinthiansSWESFVN2DA_00020,ɑː,h,r,5.1,5.13,1507.59,2438.06,136.054,Broad,,,FALSE,FALSE,TRUE,FALSE,FALSE,FALSE,,,
wild,outlier,swe,B08___03_2CorinthiansSWESFVN2DA_00013,eː,d,h,1.17,1.2,1001.5,1807.33,111.37,,,,TRUE,FALSE,TRUE,FALSE,FALSE,FALSE,,,
wild,outlier,swe,B08___05_2CorinthiansSWESFVN2DA_00006,ɐ,iː,v,1.26,1.53,477.22,884.49,22.288,,,Change,FALSE,FALSE,TRUE,FALSE,FALSE,FALSE,,ɔ,
wild,outlier,swe,B08___08_2CorinthiansSWESFVN2DA_00029,ɐ,ŋ,r,6.6,6.63,365.07,1851.94,21.22,Broad,,,FALSE,FALSE,TRUE,FALSE,FALSE,FALSE,,,
wild,outlier,swe,B08___11_2CorinthiansSWESFVN2DA_00039,ɑː,j,ɡ,0.39,1.47,1254.35,2334.96,85.918,,Broad,,FALSE,FALSE,FALSE,FALSE,FALSE,FALSE,,,
wild,outlier,swe,B08___12_2CorinthiansSWESFVN2DA_00021,eː,v,n,4.59,4.62,566.47,1437.77,14.878,,Broad,,FALSE,FALSE,TRUE,FALSE,FALSE,FALSE,,,
wild,outlier,swe,B09___02_Galatians___SWESFVN2DA_00017,ɑː,n,SIL,5.31,5.46,1414.03,2818.81,141.466,Broad,,,FALSE,FALSE,TRUE,FALSE,FALSE,FALSE,,,
wild,outlier,swe,B12___03_Colossians__SWESFVN2DA_00007,ɑː,k,n,7.5,7.53,825.87,1339.51,14.553,,X Transcript,,FALSE,FALSE,FALSE,FALSE,FALSE,FALSE,,,"surrounding phones don't really match, but vowel sounds right and in the right place. Not alignment cause preceding it is aligned nicely"
wild,outlier,swe,B12___04_Colossians__SWESFVN2DA_00008,ʉː,SIL,t,1.95,1.98,991.23,1998.63,287.823,,X Sounds,,FALSE,FALSE,TRUE,FALSE,FALSE,FALSE,,,"wrong transcription at that time, no vowel either"
wild,outlier,swe,B12___04_Colossians__SWESFVN2DA_00009,ɐ,ɑː,l,0.93,1.47,812.04,1720.48,17.241,,X Sounds,,FALSE,FALSE,TRUE,FALSE,FALSE,FALSE,,,
wild,outlier,swe,B13___03_1Thess______SWESFVN2DA_00018,ɑː,oː,SIL,0.42,0.57,1255.72,2507.92,95.022,Target Overlap,X Sounds,,FALSE,FALSE,TRUE,FALSE,FALSE,FALSE,,,
wild,outlier,swe,B14___01_2Thess______SWESFVN2DA_00014,ɪ,s,k,4.02,4.08,571,2279.65,43.526,Target Overlap,,,FALSE,FALSE,TRUE,FALSE,FALSE,FALSE,,,
wild,outlier,swe,B16___02_2Timothy____SWESFVN2DA_00019,ɐ,v,r,5.49,5.58,457.87,942.85,17.392,,,Change,FALSE,FALSE,FALSE,FALSE,FALSE,FALSE,,ɔ,
wild,outlier,swe,B16___02_2Timothy____SWESFVN2DA_00030,ɔ,b,r,3.66,3.78,664.52,1374.08,38.237,Target Overlap,X Sounds,,FALSE,FALSE,FALSE,FALSE,FALSE,FALSE,,,
wild,outlier,swe,B16___02_2Timothy____SWESFVN2DA_00036,iː,r,d,2.49,2.52,305.2,1113.19,15.246,Target Overlap,,,FALSE,FALSE,TRUE,FALSE,FALSE,FALSE,,,
wild,outlier,swe,B16___03_2Timothy____SWESFVN2DA_00017,eː,t,SIL,2.4,2.43,659.09,1674.73,25.874,Broad,X Transcript,,FALSE,FALSE,TRUE,FALSE,FALSE,FALSE,,,
wild,outlier,swe,B18___01_Philemon____SWESFVN2DA_00013,ɐ,b,r,2.04,2.25,470.68,862.96,24.303,,,Change,FALSE,FALSE,FALSE,FALSE,FALSE,FALSE,,ɔ,
wild,outlier,swe,B19___08_Hebrews_____SWESFVN2DA_00015,ɑː,ɡ,SIL,0.39,0.42,1517.67,2210.95,127.522,Broad,X Sounds,,FALSE,FALSE,FALSE,FALSE,FALSE,FALSE,,,"consonants transcribed wrong, vowel is after, no SIL"
wild,outlier,swe,B19___11_Hebrews_____SWESFVN2DA_00012,eː,d,ɐ,2.07,2.1,535.04,1150.31,15.604,,,,FALSE,TRUE,TRUE,FALSE,FALSE,FALSE,,,
wild,outlier,swe,B19___13_Hebrews_____SWESFVN2DA_00025,eː,t,,2.88,3.12,1431.69,2019.48,303.277,Broad,X Sounds,,FALSE,FALSE,FALSE,TRUE,FALSE,FALSE,,,
wild,outlier,swe,B20___05_James_______SWESFVN2DA_00020,ɔ,j,r,3.93,4.05,321.8,2211.63,42.447,Broad,,,FALSE,FALSE,FALSE,FALSE,FALSE,FALSE,,,
wild,outlier,swe,B21___02_1Peter______SWESFVN2DA_00013,ɐ,v,l,2.94,3.03,443.63,937.86,17.874,,,,FALSE,TRUE,TRUE,FALSE,FALSE,FALSE,,,
wild,outlier,swe,B21___05_1Peter______SWESFVN2DA_00018,œ,f,r,1.17,1.2,349.06,2361.63,29.14,,X Sounds,,FALSE,FALSE,TRUE,FALSE,FALSE,TRUE,,foll:[ʃ],
wild,outlier,swe,B23___01_1John_______SWESFVN2DA_00009,ɪ,t,n,2.55,2.7,920.75,2456.41,238.686,Target Overlap,,,FALSE,FALSE,FALSE,FALSE,FALSE,FALSE,,,
wild,outlier,swe,B27___02_Revelation__SWESFVN2DA_00045,eː,ɔ,n,1.35,1.44,887.21,1864.2,75.31,Target Overlap,,,FALSE,FALSE,FALSE,FALSE,FALSE,FALSE,,,
wild,outlier,swe,B27___18_Revelation__SWESFVN2DA_00013,ɔ,r,t,1.68,1.77,1216.51,1934.87,289.849,Broad,,,FALSE,FALSE,FALSE,FALSE,FALSE,FALSE,,,
wild,outlier,swe,B27___22_Revelation__SWESFVN2DA_00021,ɔ,SIL,h,0.63,0.69,521.99,1999.91,44.578,,,,TRUE,FALSE,TRUE,FALSE,FALSE,FALSE,,,
cv,outlier,hau,00004_common_voice_ha_28648966,o,d͡ʒ,b,2.04,2.1,368.983,1600.912,16.668,,,Change,FALSE,FALSE,FALSE,FALSE,TRUE,TRUE,FALSE,prec:[d͡ʒ],
cv,outlier,hau,00004_common_voice_ha_28648987,i,a,w,0.96,1.01,408.467,1265.84,16.07,,,,FALSE,TRUE,FALSE,FALSE,FALSE,TRUE,FALSE,foll:[w],
cv,outlier,hau,00007_common_voice_ha_28477370,a,m,None,2.46,2.63,1236.203,1752.718,57.119,,,,TRUE,FALSE,FALSE,FALSE,FALSE,FALSE,FALSE,,soft voice; prec:[m] nasal env
cv,outlier,hau,00007_common_voice_ha_28486352,a,w,n,4.25,4.29,302.184,901.603,23.827,,,,FALSE,TRUE,FALSE,FALSE,FALSE,TRUE,FALSE,foll:[n]; prec:[w],maybe also reduction (to schwa)
cv,outlier,hau,00007_common_voice_ha_28486352,a,j,k,3.69,3.73,195.653,1996.114,22.068,,,Change,FALSE,FALSE,FALSE,FALSE,FALSE,FALSE,FALSE,i,
cv,outlier,hau,00007_common_voice_ha_28486380,a,l,ɸ,3.38,3.52,511.045,2297.517,26.738,,,Change,FALSE,FALSE,FALSE,FALSE,FALSE,FALSE,FALSE,,maybe change to [e]
cv,outlier,hau,00007_common_voice_ha_28486380,a,w,d,2.12,2.19,447.489,817.234,18.333,,,,TRUE,FALSE,FALSE,FALSE,FALSE,FALSE,FALSE,,
cv,outlier,hau,00007_common_voice_ha_28486380,i,ɸ,d,1.6,1.68,341.384,1101.173,28.247,,,Change,FALSE,FALSE,FALSE,FALSE,FALSE,FALSE,FALSE,ɨ,
cv,outlier,hau,00007_common_voice_ha_28486394,a,n,d,1.44,1.62,285.819,932.115,23.747,,,,TRUE,FALSE,FALSE,FALSE,FALSE,FALSE,FALSE,,
cv,outlier,hau,00007_common_voice_ha_28486396,e,t͡ʃ,w,2.06,2.14,280.374,1588.952,14.873,,,Change,FALSE,FALSE,FALSE,FALSE,FALSE,FALSE,FALSE,i,
cv,outlier,hau,00007_common_voice_ha_28486414,a,t,None,4.15,4.39,156.458,1172.128,26.508,,,,TRUE,FALSE,FALSE,FALSE,FALSE,FALSE,FALSE,,
cv,outlier,hau,00007_common_voice_ha_28486417,a,h,n,2.69,2.72,1034.76,1590.637,25.357,,,,TRUE,FALSE,FALSE,FALSE,FALSE,TRUE,FALSE,prec:[h],
cv,outlier,hau,00007_common_voice_ha_28496981,i,a,w,1.55,1.59,361.05,943.937,37.772,,,,TRUE,FALSE,FALSE,FALSE,FALSE,FALSE,FALSE,,
cv,outlier,hau,00007_common_voice_ha_28496982,a,ɡ,None,3.17,3.26,347.852,995.356,16.413,,,,FALSE,TRUE,FALSE,FALSE,FALSE,FALSE,FALSE,,
cv,outlier,hau,00007_common_voice_ha_28496991,o,ɽ,j,1.25,1.28,404.546,1963.394,35.369,,,Change,FALSE,FALSE,FALSE,FALSE,FALSE,FALSE,FALSE,,
cv,outlier,hau,00007_common_voice_ha_28496996,a,j,t,4.24,4.33,298.756,1949.468,14.714,Target Overlap,,,FALSE,FALSE,FALSE,FALSE,FALSE,FALSE,FALSE,,
cv,outlier,hau,00007_common_voice_ha_28496998,u,s,k,3.37,3.44,314.415,2256.29,20.382,,,,FALSE,TRUE,FALSE,FALSE,FALSE,FALSE,FALSE,,
cv,outlier,hau,00007_common_voice_ha_28497017,a,w,h,1.87,1.99,238.509,1190.326,18.205,,,,FALSE,TRUE,FALSE,FALSE,FALSE,TRUE,FALSE,prec:[w],
cv,outlier,hau,00007_common_voice_ha_28497017,i,a,k,3.6,3.65,387.714,1094.435,26.116,,,,TRUE,FALSE,FALSE,FALSE,FALSE,FALSE,FALSE,,
cv,outlier,hau,00007_common_voice_ha_28497021,i,a,ɸ,1.04,1.12,372.036,886.924,41.366,,,Change,FALSE,FALSE,FALSE,FALSE,FALSE,FALSE,FALSE,ɨ,
cv,outlier,hau,00007_common_voice_ha_28497042,a,j,None,3.78,4.07,1049.798,1468.011,24.133,,,,TRUE,FALSE,FALSE,FALSE,FALSE,FALSE,FALSE,,breathy
cv,outlier,hau,00007_common_voice_ha_28497060,u,s,None,7.21,7.45,444.357,2429.807,24.854,,,,TRUE,FALSE,FALSE,FALSE,FALSE,FALSE,FALSE,,
cv,outlier,hau,00007_common_voice_ha_28497070,a,n,None,4.2,4.69,1002.153,1673.936,24.5,Target Overlap,,,FALSE,FALSE,FALSE,FALSE,FALSE,FALSE,FALSE,,breathy
cv,outlier,hau,00007_common_voice_ha_28497072,o,j,s,2.17,2.21,350.024,1530.059,14.811,,,Change,FALSE,FALSE,FALSE,FALSE,FALSE,FALSE,FALSE,u,
cv,outlier,hau,00007_common_voice_ha_28497082,o,k,None,3.18,3.35,379.186,2213.066,57.386,,,,TRUE,FALSE,FALSE,FALSE,FALSE,FALSE,FALSE,u,word-final dropoff
cv,outlier,hau,00007_common_voice_ha_28497084,a,j,t͡ʃ,1.33,1.44,524.486,2251.29,24.101,,,,FALSE,TRUE,FALSE,FALSE,FALSE,TRUE,FALSE,,prec: [j]
cv,outlier,hau,00007_common_voice_ha_28498965,a,m,t͡s,5.41,5.44,361.598,1011.676,14.89,,,Change,FALSE,TRUE,FALSE,FALSE,FALSE,FALSE,FALSE,ə,
cv,outlier,hau,00007_common_voice_ha_28498978,i,t͡ʃ,k,2.48,2.53,1003.402,2379.636,120.936,,,Deletion,FALSE,FALSE,FALSE,FALSE,FALSE,FALSE,FALSE,,?not sure if there is a vowel (not voiced?)
cv,outlier,hau,00007_common_voice_ha_28499356,a,a,d͡ʒ,1.94,2.09,1046.916,1872.214,37.232,Target Overlap,,,FALSE,FALSE,FALSE,FALSE,FALSE,FALSE,FALSE,,?prec breath or [h]
cv,outlier,hau,00007_common_voice_ha_28526857,i,t͡ʃ,j,1.26,1.3,1072.74,2104.266,127.481,,X Transcript,Change,FALSE,FALSE,FALSE,FALSE,FALSE,FALSE,FALSE,ə,?not sure whehter it's deleted or changed
cv,outlier,hau,00007_common_voice_ha_28526861,a,h,k,2.16,2.19,1230.608,2139.729,79.224,,,Change,TRUE,FALSE,FALSE,FALSE,FALSE,FALSE,FALSE,ə,
cv,outlier,hau,00007_common_voice_ha_28526870,a,t,ɽ,6.35,6.41,875.674,1798.149,17.749,,,Change,FALSE,TRUE,FALSE,FALSE,FALSE,FALSE,FALSE,ə,
cv,outlier,hau,00007_common_voice_ha_28526904,o,s,n,1.17,1.21,389.12,1618.818,16.238,,X Transcript,,FALSE,FALSE,FALSE,FALSE,FALSE,FALSE,FALSE,ə,foll C not present
cv,outlier,hau,00007_common_voice_ha_28526910,o,s,w,3.97,4.01,355.407,2185.061,57.221,,,Change,FALSE,FALSE,FALSE,FALSE,FALSE,FALSE,FALSE,u,foll: [w]
cv,outlier,hau,00007_common_voice_ha_28526911,a,ɡ,ɽ,5.62,5.69,182.07,1671.593,17.428,,,Change,FALSE,FALSE,FALSE,FALSE,FALSE,TRUE,FALSE,ə,prec: [g]
cv,outlier,hau,00007_common_voice_ha_28526911,e,ɽ,,5.75,5.96,1269.479,2676.591,303.033,,,,TRUE,FALSE,FALSE,FALSE,FALSE,FALSE,FALSE,,
cv,outlier,hau,00007_common_voice_ha_28526911,a,a,k,4.76,4.84,1038.031,2125.912,50.672,,,Change,FALSE,FALSE,FALSE,FALSE,FALSE,FALSE,FALSE,h,
cv,outlier,hau,00007_common_voice_ha_28526933,u,m,ɽ,3.67,3.7,1143.272,1919.755,142.193,,,,TRUE,FALSE,FALSE,FALSE,FALSE,FALSE,FALSE,,
cv,outlier,hau,00007_common_voice_ha_28526933,a,m,,6.23,6.32,747.53,1998.377,17.968,,,,FALSE,TRUE,FALSE,TRUE,FALSE,FALSE,FALSE,,
cv,outlier,hau,00007_common_voice_ha_28526935,u,s,ɸ,2.03,2.08,898.136,2583.176,88.758,,,,TRUE,FALSE,FALSE,FALSE,FALSE,FALSE,FALSE,,
cv,outlier,hau,00007_common_voice_ha_28526944,i,n,d,5.51,5.69,171.514,1450.199,24.882,,,,FALSE,TRUE,FALSE,FALSE,FALSE,FALSE,FALSE,,
cv,outlier,hau,00007_common_voice_ha_28526944,u,q,i,7.55,7.6,1136.085,1753.245,136.796,,,Deletion,FALSE,FALSE,FALSE,FALSE,FALSE,FALSE,FALSE,,
cv,outlier,hau,00007_common_voice_ha_28526947,e,k,b,3.05,3.16,248.774,1636.853,16.203,,,,FALSE,TRUE,FALSE,FALSE,FALSE,FALSE,FALSE,,?not sure; prec C should be [t͡ʃ]
cv,outlier,hau,00007_common_voice_ha_28526947,i,d͡ʒ,d͡ʒ,1.62,1.86,164.596,1715.021,15.178,,,,FALSE,TRUE,FALSE,FALSE,FALSE,FALSE,FALSE,,?not sure
cv,outlier,hau,00007_common_voice_ha_28526947,u,s,w,2.63,2.69,1002.783,2446.785,111.135,,,,TRUE,FALSE,FALSE,FALSE,FALSE,FALSE,FALSE,,prec:[s]
cv,outlier,hau,00007_common_voice_ha_28526948,a,w,,3.34,3.61,1084.74,1463.606,27.785,Target Overlap,,,FALSE,FALSE,FALSE,FALSE,TRUE,FALSE,FALSE,,?not sure
cv,outlier,hau,00007_common_voice_ha_28526952,e,ɡ,k,1.38,1.53,233.388,1429.2,30.442,,,,FALSE,TRUE,FALSE,FALSE,FALSE,FALSE,FALSE,,
cv,outlier,hau,00007_common_voice_ha_28526953,a,w,,2.42,2.7,1131.726,1995.059,54.606,Target Overlap,,,FALSE,FALSE,FALSE,FALSE,FALSE,FALSE,FALSE,,?foll [h] or breath
cv,outlier,hau,00007_common_voice_ha_28526965,i,n,,3.72,3.85,138.567,1432.888,30.205,,,,FALSE,TRUE,FALSE,FALSE,TRUE,FALSE,FALSE,,?breath
cv,outlier,hau,00007_common_voice_ha_28526968,u,s,,2.23,2.32,813.203,2514.548,67.659,Target Overlap,,,FALSE,FALSE,FALSE,FALSE,TRUE,FALSE,FALSE,,?not sure; breath
cv,outlier,hau,00007_common_voice_ha_28526972,a,w,,3.92,4.18,1247.599,1905.452,66.715,Target Overlap,,,FALSE,FALSE,FALSE,FALSE,FALSE,FALSE,FALSE,,?not sure; breath
cv,outlier,hau,00007_common_voice_ha_28526983,a,h,n,3.5,3.55,1169.804,2313.135,83.128,Target Overlap,,,FALSE,FALSE,FALSE,FALSE,FALSE,FALSE,FALSE,,
cv,outlier,hau,00007_common_voice_ha_28526984,e,k,n,4.61,4.68,357.421,1358.108,19.915,,,Change,FALSE,FALSE,FALSE,FALSE,FALSE,FALSE,FALSE,ə,
cv,outlier,hau,00007_common_voice_ha_28526984,a,k,n,3.56,3.65,1145.264,1965.825,54.771,Target Overlap,,Change,FALSE,FALSE,FALSE,FALSE,FALSE,FALSE,FALSE,ɯ,?not sure about the change
cv,outlier,hau,00007_common_voice_ha_28526991,a,s,,2.01,2.17,1040.76,2315.478,64.908,Target Overlap,,Change,FALSE,FALSE,FALSE,FALSE,FALSE,FALSE,FALSE,ə,
cv,outlier,hau,00007_common_voice_ha_28526992,a,d,m,2.68,2.81,1022.429,1688.567,27.043,,,Change,FALSE,FALSE,FALSE,FALSE,TRUE,FALSE,FALSE,ɛ,
cv,outlier,hau,00007_common_voice_ha_28534331,a,w,k,5.59,5.62,391.475,658.439,30.497,,,Change,FALSE,FALSE,FALSE,FALSE,TRUE,TRUE,FALSE,u,prec: [w]
cv,outlier,hau,00007_common_voice_ha_28534331,a,d,j,4.86,4.89,412.607,2140.409,18.427,,,Change,FALSE,FALSE,FALSE,FALSE,FALSE,TRUE,FALSE,e,foll: [j]
cv,outlier,hau,00007_common_voice_ha_28534331,a,w,,6.02,6.1,283.395,1115.845,16.798,Target Overlap,,,FALSE,FALSE,FALSE,FALSE,FALSE,FALSE,FALSE,,?not sure; breath
cv,outlier,hau,00007_common_voice_ha_28534349,o,s,n,1.27,1.3,396.839,1651.25,17.328,,,Change,FALSE,FALSE,FALSE,FALSE,FALSE,FALSE,FALSE,ə,
cv,outlier,hau,00007_common_voice_ha_28534374,u,t,,3.91,3.94,1059.488,2256.521,122.119,Broad,,,FALSE,FALSE,FALSE,FALSE,FALSE,FALSE,FALSE,,breath
cv,outlier,hau,00007_common_voice_ha_28534508,a,k,t,4.03,4.13,900.908,1854.73,21.976,,,Change,FALSE,FALSE,FALSE,FALSE,TRUE,FALSE,FALSE,ə,?not sure about the change
cv,outlier,hau,00007_common_voice_ha_28534571,a,m,m,5.75,5.79,314.525,891.929,23.309,,,Change,FALSE,FALSE,FALSE,FALSE,TRUE,FALSE,FALSE,ə,?not sure about the change
cv,outlier,hau,00008_common_voice_ha_26847244,i,ɽ,n,1.3,1.47,351.134,1248.782,19.088,,,Change,FALSE,FALSE,FALSE,FALSE,FALSE,FALSE,FALSE,ə,
cv,outlier,hau,00008_common_voice_ha_26847252,i,t͡ʃ,b,1.86,1.93,302.513,2787.988,22.465,,,,TRUE,FALSE,FALSE,FALSE,FALSE,FALSE,FALSE,,
cv,outlier,hau,00008_common_voice_ha_26847253,i,ɸ,d,0.91,0.96,351.996,1267.067,18.097,,,Change,FALSE,FALSE,FALSE,FALSE,FALSE,TRUE,FALSE,ʉ,prec: [ɸ]
cv,outlier,hau,00009_common_voice_ha_26716488,u,d,k,3.77,4,714.891,1271.778,25.021,,X Transcript,,FALSE,FALSE,FALSE,FALSE,FALSE,FALSE,FALSE,ʌ,foll C not pronounced
cv,outlier,hau,00009_common_voice_ha_26759989,u,m,n,1.28,1.34,674.794,1200.855,19.083,,,Change,FALSE,FALSE,FALSE,FALSE,FALSE,FALSE,FALSE,ʌ,
cv,outlier,hau,00011_common_voice_ha_26699730,a,z,m,0.98,1.02,458.137,779.638,19.675,,,Change,FALSE,FALSE,FALSE,FALSE,FALSE,FALSE,FALSE,u,foll syllable wrong
cv,outlier,hau,00011_common_voice_ha_26699731,i,j,h,3.04,3.08,374.36,2670.885,18.617,,,,TRUE,FALSE,FALSE,FALSE,FALSE,FALSE,FALSE,,
cv,outlier,hau,00011_common_voice_ha_26699731,a,j,d͡ʒ,1.37,1.4,377.578,2813.053,66.687,,,Change,FALSE,TRUE,FALSE,FALSE,FALSE,FALSE,FALSE,e,prec: [j]
cv,outlier,hau,00011_common_voice_ha_26699731,i,t͡ʃ,w,1.87,2.03,300.696,2647.664,15.315,,,,FALSE,TRUE,FALSE,FALSE,FALSE,FALSE,FALSE,,
cv,outlier,hau,00011_common_voice_ha_26699733,u,b,d,2.02,2.27,678.071,2013.248,29.68,Target Overlap,,,FALSE,FALSE,FALSE,TRUE,FALSE,FALSE,FALSE,,
cv,outlier,hau,00011_common_voice_ha_26699734,i,k,d,1.72,1.91,312.884,2617.528,14.119,,,,FALSE,TRUE,FALSE,FALSE,FALSE,FALSE,FALSE,,
cv,outlier,hau,00011_common_voice_ha_26699734,a,j,k,1.52,1.57,415.041,881.276,17.063,,,Change,FALSE,FALSE,FALSE,FALSE,TRUE,FALSE,FALSE,,?cant tell the sound
cv,outlier,hau,00013_common_voice_ha_26709487,i,k,,3.18,3.42,547.619,891.955,37.132,,,,TRUE,FALSE,FALSE,FALSE,FALSE,FALSE,FALSE,,?wierd
cv,outlier,hau,00013_common_voice_ha_27008032,e,m,,4.55,4.61,219.285,1039.659,68.435,,,Deletion,FALSE,FALSE,FALSE,FALSE,FALSE,FALSE,FALSE,,prec sounds like [ŋ]??
cv,outlier,hau,00013_common_voice_ha_27008294,u,a,,2.27,2.56,766.393,2064.433,44.612,Target Overlap,,Change,FALSE,FALSE,FALSE,FALSE,FALSE,TRUE,FALSE,,?not sure about the change (combined with preceding sound?)
cv,outlier,hau,00013_common_voice_ha_27008396,o,j,j,1.97,2,333.069,1657.941,22.157,,,Change,FALSE,FALSE,FALSE,FALSE,FALSE,TRUE,FALSE,ɵ,foll & prec: [j]
cv,outlier,hau,00013_common_voice_ha_27008980,o,j,j,1.54,1.6,417.997,1633.517,15.355,,,Change,FALSE,FALSE,FALSE,FALSE,FALSE,TRUE,FALSE,ɵ,foll & prec: [j]
cv,outlier,hau,00013_common_voice_ha_27009409,i,d͡ʒ,ɽ,1.48,1.53,911.889,2198.957,81.953,,,Change,TRUE,FALSE,FALSE,FALSE,FALSE,FALSE,FALSE,ɪ,
cv,outlier,hau,00013_common_voice_ha_27010050,i,t͡ʃ,k,0.83,0.88,756.198,2120.845,41.452,,,Deletion,FALSE,FALSE,FALSE,FALSE,FALSE,FALSE,FALSE,,not sure if the vowel is there
cv,outlier,hau,00013_common_voice_ha_27010190,i,m,s,1.45,1.48,447.973,1240.033,16.715,,,Change,FALSE,FALSE,FALSE,FALSE,FALSE,FALSE,FALSE,ə,
cv,outlier,hau,00013_common_voice_ha_27010406,u,s,n,2.35,2.4,881.531,2110.37,69.249,,,Change,TRUE,FALSE,FALSE,FALSE,FALSE,FALSE,FALSE,ʏ,
cv,outlier,hau,00013_common_voice_ha_27016328,i,d͡ʒ,,2.51,2.91,1141.144,2532.663,184.402,,,,FALSE,FALSE,FALSE,TRUE,FALSE,FALSE,FALSE,,disturbed sound at the end
cv,outlier,hau,00013_common_voice_ha_27789420,i,m,k,6.26,6.35,311.063,1260.015,20.952,,,Change,FALSE,TRUE,FALSE,FALSE,FALSE,TRUE,FALSE,y,foll: [k]
cv,outlier,hau,00013_common_voice_ha_27790268,a,j,k,2.69,2.73,426.595,2074.08,15.228,,,Change,FALSE,FALSE,FALSE,FALSE,FALSE,TRUE,FALSE,e,prec: [j]; foll becomes glottal stop
cv,outlier,hau,00013_common_voice_ha_27790346,i,a,,1.95,2.06,647.852,2163.271,24.122,,,Change,FALSE,FALSE,FALSE,FALSE,FALSE,TRUE,FALSE,e,combined with prec [a]
cv,outlier,hau,00013_common_voice_ha_27790515,i,a,m,1.48,1.55,616.965,1981.606,15.454,,,Change,FALSE,FALSE,FALSE,FALSE,FALSE,TRUE,FALSE,e,prec: [a]
cv,outlier,hau,00013_common_voice_ha_27798829,i,m,n,0.7,0.74,727.295,2042.515,33.474,,,,TRUE,FALSE,FALSE,FALSE,FALSE,FALSE,FALSE,,
cv,outlier,hau,00013_common_voice_ha_28388289,a,j,d͡ʒ,2.53,2.59,499.434,2080.81,15.023,,,Change,FALSE,FALSE,FALSE,FALSE,FALSE,FALSE,FALSE,e,prec: [j]
cv,outlier,hau,00013_common_voice_ha_28410993,i,k,,3.49,3.73,557.043,2390.208,20.529,Target Overlap,,,FALSE,FALSE,FALSE,FALSE,FALSE,FALSE,FALSE,,breathy
cv,outlier,hau,00013_common_voice_ha_28410997,a,j,k,1.66,1.69,388.764,2052.335,15.069,,,Change,FALSE,FALSE,FALSE,FALSE,FALSE,TRUE,FALSE,ɪ/e,prec: [j]
cv,outlier,hau,00013_common_voice_ha_28480428,i,a,n,1.34,1.37,632.432,2124.656,20.736,,,Change,FALSE,FALSE,FALSE,FALSE,FALSE,TRUE,FALSE,e,combined with prec [a]
cv,outlier,hau,00013_common_voice_ha_28480524,i,n,,3.07,3.17,564.652,2183.717,14.012,,,Change,FALSE,FALSE,FALSE,FALSE,FALSE,FALSE,FALSE,ɪ,
cv,outlier,hau,00013_common_voice_ha_28491222,i,ɽ,ɸ,2.06,2.09,629.451,1159.145,26.736,,X Transcript,,FALSE,FALSE,FALSE,FALSE,FALSE,FALSE,FALSE,,
cv,outlier,hau,00013_common_voice_ha_28491267,i,d͡ʒ,d,0.7,0.8,350.788,1129.72,25.872,,,,TRUE,FALSE,FALSE,FALSE,FALSE,FALSE,FALSE,,
cv,outlier,hau,00013_common_voice_ha_28491280,e,n,n,0.96,1.4,497.182,1252.404,17.543,Target Overlap,,,FALSE,FALSE,FALSE,FALSE,FALSE,FALSE,FALSE,,
cv,outlier,hau,00013_common_voice_ha_28491309,e,n,,5.51,5.64,443.394,1347.043,14.409,Target Overlap,,,FALSE,FALSE,FALSE,FALSE,FALSE,FALSE,FALSE,,barely perceptible at the end
cv,outlier,hau,00013_common_voice_ha_28552274,i,d͡ʒ,k,4.92,4.99,918.138,2311.773,89.998,,,,TRUE,FALSE,FALSE,FALSE,FALSE,FALSE,FALSE,,
cv,outlier,kaz,00007_common_voice_kk_24981995,ə,d,None,3.7,3.84,873.913,1464.55,16.033,,,,FALSE,TRUE,FALSE,FALSE,FALSE,FALSE,FALSE,,creaky
cv,outlier,kaz,00007_common_voice_kk_24982077,ə,d,None,3.13,3.3,869.699,1432.363,15.55,,,,FALSE,TRUE,FALSE,FALSE,FALSE,FALSE,FALSE,,
cv,outlier,kaz,00009_common_voice_kk_24983677,ə,d,None,4.96,5.01,990.066,1717.276,28.732,Broad,,,FALSE,FALSE,FALSE,FALSE,TRUE,FALSE,FALSE,,
cv,outlier,kaz,00011_common_voice_kk_24982131,ʏ,k,ʃ,0.49,0.58,945.369,1716.399,90.351,,,Deletion,FALSE,FALSE,FALSE,FALSE,FALSE,TRUE,FALSE,prec:[k] labialized,
cv,outlier,kaz,00019_common_voice_kk_24982613,ɑ,s,n,3.36,3.43,761.273,1882.474,21.687,,,,FALSE,TRUE,FALSE,FALSE,FALSE,FALSE,TRUE,,female
cv,outlier,kaz,00024_common_voice_kk_27649150,i,k,j,2.94,2.98,827.956,2495.446,37.836,,,,TRUE,FALSE,FALSE,FALSE,FALSE,FALSE,FALSE,,
cv,outlier,kaz,00025_common_voice_kk_25551871,ʏ,t,j,2.05,2.1,883.635,2312.004,82.41,,,Deletion,FALSE,FALSE,FALSE,FALSE,FALSE,FALSE,FALSE,,
cv,outlier,kaz,00026_common_voice_kk_25020017,e,j,k,1.81,1.88,654.949,1604.576,15.589,Target Overlap,,,FALSE,FALSE,FALSE,FALSE,FALSE,FALSE,TRUE,,female
cv,outlier,kaz,00026_common_voice_kk_25020018,ɑ,d,b,4,4.05,489.526,621.7,16.895,,,,TRUE,FALSE,FALSE,FALSE,FALSE,FALSE,TRUE,,female
cv,outlier,kaz,00026_common_voice_kk_25020022,ə,ʃ,q,3.03,3.07,1343.838,1600.786,75.758,,,Deletion,FALSE,FALSE,FALSE,FALSE,FALSE,FALSE,TRUE,,female; after [ʃ]
cv,outlier,kaz,00026_common_voice_kk_25020050,e,j,j,4.11,4.14,316.08,2883.897,15.566,,X Transcript,,FALSE,FALSE,FALSE,FALSE,TRUE,FALSE,TRUE,,female
cv,outlier,kaz,00028_common_voice_kk_28217075,ə,s,p,0.08,0.17,1047.683,1767.76,35.549,Broad,X Transcript,,FALSE,FALSE,FALSE,FALSE,FALSE,FALSE,FALSE,,
cv,outlier,kaz,00028_common_voice_kk_28217345,ʏ,k,j,5.39,5.46,641.761,2044.65,24.907,Target Overlap,,,FALSE,FALSE,FALSE,FALSE,FALSE,FALSE,FALSE,,
cv,outlier,kaz,00029_common_voice_kk_25008560,ə,d,None,4.64,4.72,896.417,1474.614,17.901,,,Deletion,FALSE,FALSE,FALSE,FALSE,FALSE,FALSE,FALSE,,voice quality low
cv,outlier,kaz,00031_common_voice_kk_26019176,ɑ,d,ɡ,1.22,1.26,447.046,1756.553,19.668,,,,FALSE,TRUE,FALSE,FALSE,FALSE,TRUE,FALSE,foll:[g],
cv,outlier,kaz,00033_common_voice_kk_27647929,ə,ʃ,n,4.43,4.47,1164.239,2083.333,55.921,,,Deletion,FALSE,FALSE,FALSE,FALSE,FALSE,FALSE,FALSE,,after [ʃ]
cv,outlier,kaz,00033_common_voice_kk_27647951,ə,ʃ,ʁ,1.65,1.68,867.428,1776.146,18.722,,,Deletion,FALSE,FALSE,FALSE,FALSE,FALSE,FALSE,FALSE,,after [ʃ]
cv,outlier,kaz,00033_common_voice_kk_27684795,ʏ,s,j,2.01,2.05,1152.921,2122.062,176.071,,,Deletion,FALSE,FALSE,FALSE,FALSE,FALSE,FALSE,FALSE,,after [s]
cv,outlier,kaz,00033_common_voice_kk_27684811,ə,q,r,4.76,4.79,965.965,1639.729,25.452,,,Deletion,FALSE,FALSE,FALSE,FALSE,FALSE,FALSE,FALSE,,
cv,outlier,kaz,00033_common_voice_kk_27684867,ə,s,m,1.55,1.6,761.885,2028.841,16.749,,,Deletion,FALSE,FALSE,FALSE,FALSE,FALSE,FALSE,FALSE,,
cv,outlier,kaz,00033_common_voice_kk_27729978,ʏ,s,j,1.87,1.94,508.592,2219.291,15.733,,,Deletion,FALSE,FALSE,FALSE,FALSE,FALSE,FALSE,FALSE,,after [s]
cv,outlier,kaz,00035_common_voice_kk_24992218,ʏ,ʒ,r,2.68,2.72,332.469,2434.047,21.102,,,,FALSE,TRUE,FALSE,FALSE,FALSE,TRUE,FALSE,prec:[ʒ],
cv,outlier,kaz,00036_common_voice_kk_24983765,e,j,p,2.45,2.64,254.332,2910.923,16.025,,,Change,FALSE,FALSE,FALSE,FALSE,FALSE,TRUE,TRUE,i; prec:j],female
cv,outlier,kaz,00036_common_voice_kk_24983765,e,j,l,1.04,1.22,416.077,2860.867,19.452,,,Change,FALSE,FALSE,FALSE,FALSE,FALSE,FALSE,TRUE,i; prec:j],female
cv,outlier,kaz,00039_common_voice_kk_24984431,ʊ,b,z,3.44,3.47,668.969,1803.706,14.432,,,Deletion,FALSE,FALSE,FALSE,FALSE,FALSE,FALSE,FALSE,,
cv,outlier,kaz,00039_common_voice_kk_24984433,e,j,,3.4,3.43,805.232,2087.081,52.325,,X Transcript,Deletion,FALSE,FALSE,FALSE,FALSE,FALSE,FALSE,FALSE,[je] not pronounced,
cv,outlier,kaz,00039_common_voice_kk_24984434,e,j,l,3.59,3.8,318.133,2832.563,14.077,Target Overlap,,,FALSE,FALSE,FALSE,FALSE,FALSE,FALSE,FALSE,,
cv,outlier,kaz,00039_common_voice_kk_24984440,ə,n,ŋ,6.45,6.48,984.804,1353.895,25.601,,X Transcript,Deletion,FALSE,FALSE,FALSE,FALSE,FALSE,FALSE,FALSE,[nəŋ] not pronounced,pretty quiet
cv,outlier,kaz,00039_common_voice_kk_24984440,ɑ,,d,7.4,7.54,945.166,1145.915,14.032,,,,FALSE,TRUE,FALSE,FALSE,FALSE,FALSE,FALSE,,
cv,outlier,kaz,00043_common_voice_kk_24982403,e,j,s,1.99,2.04,801.904,2121.063,52.674,,,,TRUE,FALSE,FALSE,FALSE,FALSE,FALSE,TRUE,,
cv,outlier,kaz,00043_common_voice_kk_24982432,ʏ,t,s,3.98,4.01,1119.955,1807.394,156.844,,,Deletion,FALSE,FALSE,FALSE,FALSE,FALSE,FALSE,TRUE,[ts],
cv,outlier,kaz,00044_common_voice_kk_25008568,e,j,,5.33,5.41,678.466,1918.947,23.301,Broad,,,FALSE,FALSE,FALSE,FALSE,FALSE,FALSE,FALSE,,
cv,outlier,kaz,00045_common_voice_kk_24975808,ɑ,z,,2.47,2.5,515.454,1811.611,19.519,Broad,,,FALSE,FALSE,FALSE,FALSE,FALSE,FALSE,FALSE,prec:[s],
cv,outlier,kaz,00045_common_voice_kk_24975817,o,,t,0.6,0.81,550.892,1560.935,37.39,,,,FALSE,TRUE,FALSE,FALSE,FALSE,FALSE,FALSE,,
cv,outlier,kaz,00045_common_voice_kk_24975824,e,j,,2.03,2.12,653.788,1792.513,17.545,,X Transcript,,FALSE,FALSE,FALSE,FALSE,FALSE,TRUE,FALSE,d + j + e --> dʒe,
cv,outlier,kaz,00046_common_voice_kk_25061513,e,j,,5.11,5.22,679.998,2004.531,25.363,,X Transcript,,FALSE,FALSE,FALSE,FALSE,FALSE,TRUE,FALSE,j + e --> e,
cv,outlier,kaz,00046_common_voice_kk_25061513,ə,s,,3.24,3.3,1293.387,2071.143,74.659,,,Deletion,FALSE,FALSE,FALSE,FALSE,FALSE,FALSE,FALSE,,
cv,outlier,kaz,00046_common_voice_kk_25061516,ɪ,d,,2.33,2.45,778.308,1736.914,18.113,,,,TRUE,FALSE,FALSE,FALSE,FALSE,FALSE,FALSE,,
cv,outlier,kaz,00049_common_voice_kk_24982769,ɑ,j,q,3.04,3.08,708.917,1845.059,18.636,,,Change,FALSE,FALSE,FALSE,FALSE,FALSE,FALSE,TRUE,a,
cv,outlier,kaz,00049_common_voice_kk_24982795,ɑ,h,r,2.43,2.46,765.673,2349.314,59.839,Broad,,,FALSE,FALSE,FALSE,FALSE,FALSE,FALSE,TRUE,1 syll off,
cv,outlier,kaz,00050_common_voice_kk_25029278,ə,ʃ,l,2.55,2.59,1088.243,1808.577,40.863,,,,TRUE,FALSE,FALSE,FALSE,FALSE,FALSE,FALSE,prec:[ʒ],
cv,outlier,kaz,00050_common_voice_kk_25029338,ə,t,n,0.99,1.03,802.489,1860.773,15.625,,,Deletion,FALSE,FALSE,FALSE,FALSE,FALSE,FALSE,FALSE,prec:[g],
cv,outlier,kaz,00050_common_voice_kk_25029343,ɪ,k,s,0.94,0.97,1418.636,1990.712,140.883,,,Deletion,FALSE,FALSE,FALSE,FALSE,FALSE,FALSE,FALSE,,
cv,outlier,kaz,00050_common_voice_kk_25029344,ʏ,t,z,3.31,3.34,1311.189,2413.364,260.732,,,Deletion,FALSE,FALSE,FALSE,FALSE,FALSE,FALSE,FALSE,,
cv,outlier,kaz,00050_common_voice_kk_25029345,ɪ,k,s,3.04,3.07,1160.791,2174.788,84.953,,,Deletion,FALSE,FALSE,FALSE,FALSE,FALSE,FALSE,FALSE,,
cv,outlier,kaz,00050_common_voice_kk_25029346,ə,t,s,2.01,2.04,1266.97,1906.48,67.123,,,Deletion,FALSE,FALSE,FALSE,FALSE,FALSE,FALSE,FALSE,,
cv,outlier,kaz,00050_common_voice_kk_25029355,ə,q,s,2.43,2.49,1211.871,1781.53,56.845,,,Deletion,FALSE,FALSE,FALSE,FALSE,FALSE,FALSE,FALSE,devoiced,
cv,outlier,kaz,00050_common_voice_kk_25029356,ɑ,l,,2.03,2.19,1061.327,1504.443,26.329,,,,TRUE,FALSE,FALSE,FALSE,FALSE,FALSE,FALSE,,
cv,outlier,kaz,00050_common_voice_kk_25029370,ɪ,d,ʒ,1.82,1.85,727.712,2054.407,18.123,,,Deletion,FALSE,FALSE,FALSE,FALSE,FALSE,FALSE,FALSE,,
cv,outlier,kaz,00050_common_voice_kk_25029386,ʏ,t,s,1.32,1.35,1745.585,2380.941,550.209,,,Deletion,FALSE,FALSE,FALSE,FALSE,FALSE,FALSE,FALSE,,
cv,outlier,kaz,00050_common_voice_kk_25029391,ʊ,ʃ,q,1.29,1.33,1045.483,1396.96,44.932,,,,TRUE,FALSE,FALSE,FALSE,FALSE,FALSE,FALSE,devoiced,
cv,outlier,kaz,00050_common_voice_kk_25029391,o,t,j,2,2.04,378.297,1341.106,26.726,,,,FALSE,FALSE,FALSE,FALSE,FALSE,FALSE,FALSE,,
cv,outlier,kaz,00053_common_voice_kk_24982317,ɑ,ə,j,1.18,1.38,988.715,1398.049,17.592,,,,FALSE,TRUE,FALSE,FALSE,FALSE,FALSE,TRUE,,
cv,outlier,kaz,00054_common_voice_kk_24969797,ɪ,k,s,2.32,2.35,942.809,2053.793,43.416,,,Deletion,FALSE,FALSE,FALSE,FALSE,FALSE,FALSE,FALSE,,
cv,outlier,kaz,00054_common_voice_kk_24969897,ʏ,t,j,3.06,3.12,1595.404,2354.799,436.435,Target Overlap,,,FALSE,FALSE,FALSE,FALSE,FALSE,FALSE,FALSE,,
cv,outlier,kaz,00054_common_voice_kk_24969900,ʊ,q,ʃ,2.33,2.38,807.305,1399.707,16.262,,,Deletion,FALSE,FALSE,FALSE,FALSE,FALSE,FALSE,FALSE,devoiced,
cv,outlier,kaz,00054_common_voice_kk_24969929,ə,t,n,2.13,2.18,454.245,2266.008,16.337,,,Deletion,FALSE,FALSE,FALSE,FALSE,FALSE,TRUE,FALSE,syllabic foll:[n],
cv,outlier,kaz,00054_common_voice_kk_24970029,i,,j,2.24,2.34,1981.273,2666.91,376,Target Overlap,,,FALSE,FALSE,FALSE,FALSE,FALSE,FALSE,FALSE,,
cv,outlier,kaz,00054_common_voice_kk_24970315,ə,q,s,2.04,2.07,1059.351,1731.617,36.377,,,Deletion,FALSE,FALSE,FALSE,FALSE,FALSE,FALSE,FALSE,,
cv,outlier,kaz,00054_common_voice_kk_24970338,ɪ,s,ʃ,3.43,3.5,1023.17,2039.803,55.669,,,Deletion,FALSE,FALSE,FALSE,FALSE,FALSE,FALSE,FALSE,devoiced,
cv,outlier,kaz,00054_common_voice_kk_24970387,ə,d,q,2.88,2.91,786.123,2117.182,20.307,,,,TRUE,FALSE,FALSE,FALSE,TRUE,FALSE,FALSE,,
cv,outlier,kaz,00054_common_voice_kk_24970389,ə,d,,4.08,4.33,961.48,1524.686,24.02,Target Overlap,,,FALSE,FALSE,FALSE,FALSE,FALSE,FALSE,FALSE,,
cv,outlier,kaz,00054_common_voice_kk_24970435,ɑ,j,n,1.7,1.78,807.965,1818.732,19.462,,,Change,FALSE,FALSE,FALSE,FALSE,FALSE,FALSE,FALSE,e,
cv,outlier,kaz,00054_common_voice_kk_24970470,ʏ,t,k,2.12,2.17,1303.193,2221.089,251.752,,,,TRUE,FALSE,FALSE,FALSE,FALSE,FALSE,FALSE,devoiced,
cv,outlier,kaz,00054_common_voice_kk_24970475,ʏ,k,z,0.57,0.64,397.518,2530.178,22.606,,,,FALSE,TRUE,FALSE,FALSE,FALSE,FALSE,FALSE,nasalized vowel,
cv,outlier,kaz,00054_common_voice_kk_24970493,ɑ,m,n,3.83,3.86,761.324,1972.798,27.474,,,,FALSE,TRUE,FALSE,FALSE,FALSE,FALSE,FALSE,,
cv,outlier,kaz,00054_common_voice_kk_24970495,ɑ,,j,0.59,0.66,665.81,2001.936,28.723,,,,FALSE,TRUE,FALSE,FALSE,FALSE,FALSE,FALSE,,coarticulation w/ foll:[j]
cv,outlier,kaz,00054_common_voice_kk_24970496,ɑ,m,j,2.65,2.69,748.819,1783.548,15.935,,,,FALSE,TRUE,FALSE,FALSE,FALSE,FALSE,FALSE,,
cv,outlier,kaz,00054_common_voice_kk_24970527,ɑ,q,,1.52,1.72,815.895,1777.479,17.655,,,,FALSE,TRUE,FALSE,FALSE,FALSE,FALSE,FALSE,,
cv,outlier,kaz,00054_common_voice_kk_24970529,ə,ʃ,n,1.85,1.89,835.587,1994.904,20.499,,,,TRUE,FALSE,FALSE,FALSE,FALSE,TRUE,FALSE,syllabic foll:[n],
cv,outlier,kaz,00054_common_voice_kk_24970530,ɑ,,n,0.59,0.71,943.36,1475.207,14.885,,X Sounds,,FALSE,FALSE,FALSE,FALSE,FALSE,FALSE,FALSE,prec:[h],
cv,outlier,kaz,00054_common_voice_kk_24970568,ɑ,s,ŋ,1.52,1.61,649.222,2329.402,57.776,,,,TRUE,FALSE,FALSE,FALSE,FALSE,FALSE,FALSE,,
cv,outlier,kaz,00054_common_voice_kk_24970699,o,q,n,1.72,1.83,634.811,2220.288,145.283,,,,FALSE,TRUE,FALSE,FALSE,FALSE,FALSE,FALSE,,
cv,outlier,kaz,00054_common_voice_kk_24970751,ɪ,p,k,1.56,1.6,1561.831,2044.985,184.116,,,Deletion,FALSE,FALSE,FALSE,FALSE,FALSE,FALSE,FALSE,,
cv,outlier,kaz,00054_common_voice_kk_24970753,ʊ,t,ɕː,1.22,1.42,2150.143,2338.7,404.532,Target Overlap,,Deletion,FALSE,FALSE,FALSE,FALSE,FALSE,FALSE,FALSE,,
cv,outlier,kaz,00054_common_voice_kk_24970753,ɑ,,ɕː,0.44,0.53,983.366,1875.694,32.711,Target Overlap,,,FALSE,FALSE,FALSE,FALSE,FALSE,FALSE,FALSE,prec:[h],
cv,outlier,kaz,00054_common_voice_kk_24982351,ɑ,l,,2.09,2.46,1063.656,1594.486,28.646,,,,FALSE,TRUE,FALSE,FALSE,FALSE,FALSE,FALSE,,
cv,outlier,kaz,00054_common_voice_kk_24996167,ə,d,,4.7,4.97,1183.492,1463.748,49.882,Target Overlap,,,FALSE,FALSE,FALSE,FALSE,FALSE,FALSE,FALSE,,
cv,outlier,kaz,00054_common_voice_kk_24996168,ɪ,k,s,2.19,2.24,1486.064,1972.819,159.18,,,Deletion,FALSE,FALSE,FALSE,FALSE,FALSE,FALSE,FALSE,devoiced,
cv,outlier,kaz,00054_common_voice_kk_24996234,ɪ,ɡ,t,1.92,1.95,664.761,2214.968,16.235,,X Transcript,,FALSE,FALSE,FALSE,FALSE,FALSE,TRUE,FALSE,IgI -->i,
cv,outlier,kaz,00054_common_voice_kk_24996247,ɪ,d,,4.54,4.57,815.143,1615.673,20.668,Broad,,,FALSE,FALSE,FALSE,FALSE,FALSE,FALSE,FALSE,,
cv,outlier,kaz,00054_common_voice_kk_24996382,ʏ,t,j,0.92,0.97,611.475,2150.446,23.298,Target Overlap,,,FALSE,FALSE,FALSE,FALSE,FALSE,FALSE,FALSE,,
cv,outlier,kaz,00054_common_voice_kk_24996450,ʏ,ʒ,j,0.61,0.65,690.802,1848.261,29.054,Target Overlap,,,FALSE,FALSE,FALSE,FALSE,FALSE,FALSE,FALSE,,
cv,outlier,kaz,00056_common_voice_kk_25070671,i,ɑ,j,1.38,1.49,387.073,1130.862,33.477,,,,TRUE,FALSE,FALSE,FALSE,FALSE,FALSE,FALSE,,
cv,outlier,kaz,00056_common_voice_kk_25070674,ɑ,j,ʁ,1.88,1.96,730.788,1763.187,14.565,,,,FALSE,TRUE,FALSE,FALSE,FALSE,FALSE,FALSE,,
cv,outlier,kaz,00059_common_voice_kk_25901371,ə,d,,3.64,3.7,916.224,1589.724,20.421,Target Overlap,,,FALSE,FALSE,FALSE,FALSE,FALSE,FALSE,TRUE,,
cv,outlier,kaz,00060_common_voice_kk_25008883,ɪ,k,r,2.2,2.23,1207.604,2377.197,101.701,,,Change,FALSE,FALSE,FALSE,FALSE,FALSE,FALSE,FALSE,ʏ,
cv,outlier,kaz,00062_common_voice_kk_24992418,ɑ,,z,1.38,1.51,1077.305,1432.691,26.988,Broad,,,FALSE,FALSE,FALSE,FALSE,FALSE,FALSE,TRUE,foll:[j],
cv,outlier,kaz,00062_common_voice_kk_24992478,e,j,n,3.96,4,280.346,878.787,23.699,,,,TRUE,FALSE,FALSE,FALSE,FALSE,TRUE,TRUE,j and e,
cv,outlier,kaz,00065_common_voice_kk_24975786,ɪ,ŋ,r,2.77,2.81,796.872,1397.42,17.768,,,Deletion,FALSE,FALSE,FALSE,FALSE,FALSE,FALSE,FALSE,prec:[g],
cv,outlier,kaz,00065_common_voice_kk_24975788,ɪ,k,s,1.6,1.66,1334.323,1840.328,115.115,,,Deletion,FALSE,FALSE,FALSE,FALSE,FALSE,FALSE,FALSE,,
cv,outlier,kaz,00065_common_voice_kk_24975797,ʏ,,ʃ,3.91,4.09,1241.173,1434.717,211.197,Target Overlap,,,FALSE,FALSE,FALSE,FALSE,FALSE,FALSE,FALSE,,
cv,outlier,kaz,00065_common_voice_kk_24975804,o,t,ŋ,1.15,1.3,691.989,1157.595,18.169,,,,FALSE,TRUE,FALSE,FALSE,FALSE,FALSE,FALSE,nasalized,
cv,outlier,kaz,00065_common_voice_kk_24975934,e,j,n,2.05,2.09,592.117,799.759,15.648,,X Transcript,,TRUE,FALSE,FALSE,FALSE,FALSE,FALSE,FALSE,prec:[n],
cv,outlier,kaz,00065_common_voice_kk_24975942,i,n,j,2.19,2.22,309.389,723.439,72.266,,,,TRUE,FALSE,FALSE,FALSE,FALSE,TRUE,FALSE,ijI pronounced [i],
cv,outlier,kaz,00065_common_voice_kk_24975971,ʏ,k,ʃ,3.01,3.04,1289.773,1759.728,237.618,,,Deletion,FALSE,FALSE,FALSE,FALSE,FALSE,FALSE,FALSE,,
cv,outlier,kaz,00065_common_voice_kk_24976009,ʏ,e,j,3.1,3.13,274.258,2241.168,18.869,,X Transcript,Deletion,FALSE,FALSE,FALSE,FALSE,FALSE,FALSE,FALSE,,
cv,outlier,kaz,00065_common_voice_kk_24976021,ʊ,t,s,2.06,2.09,1032.516,1626.127,46.599,,X Transcript,Deletion,FALSE,FALSE,FALSE,FALSE,FALSE,FALSE,FALSE,,
cv,outlier,kaz,00065_common_voice_kk_24976021,ʊ,t,s,4.59,4.62,978.237,1681.586,40.123,,X Transcript,Deletion,FALSE,FALSE,FALSE,FALSE,FALSE,FALSE,FALSE,same word as above entry,
cv,outlier,kaz,00066_common_voice_kk_27665285,ʏ,k,j,1.44,1.54,897.085,2498.915,91.756,Target Overlap,,,FALSE,FALSE,FALSE,FALSE,FALSE,FALSE,FALSE,,
cv,outlier,swe,00000_common_voice_sv-SE_24399170,ɪ,r,n,1.43,1.47,396.098,758.428,22.081,Broad,,,FALSE,FALSE,FALSE,FALSE,FALSE,FALSE,FALSE,,
cv,outlier,swe,00000_common_voice_sv-SE_24399475,ɪ,n,n,5.65,5.68,405.635,963.064,14.931,,,,FALSE,TRUE,FALSE,FALSE,FALSE,TRUE,FALSE,prec/foll:[n],
cv,outlier,swe,00000_common_voice_sv-SE_24440650,ɔ,r,d,1.03,1.14,279.947,1203.613,14.854,Target Overlap,,,FALSE,FALSE,FALSE,FALSE,FALSE,FALSE,FALSE,,
cv,outlier,swe,00000_common_voice_sv-SE_24440887,eː,t,h,1.46,1.51,426.272,729.341,14.261,,,,FALSE,TRUE,FALSE,FALSE,FALSE,FALSE,FALSE,,
cv,outlier,swe,00000_common_voice_sv-SE_24440967,ɪ,l,ŋ,4.65,4.68,393.636,726.962,23.332,,,,FALSE,TRUE,FALSE,FALSE,FALSE,TRUE,FALSE,foll:[ŋ],
cv,outlier,swe,00009_common_voice_sv-SE_18843476,oː,s,None,1.21,1.46,928.674,1959.817,64.356,,,,TRUE,FALSE,FALSE,FALSE,FALSE,FALSE,FALSE,voiceless,
cv,outlier,swe,00023_common_voice_sv-SE_18748110,uː,s,m,2.89,2.92,777.708,2256.701,46.072,,,Deletion,FALSE,FALSE,FALSE,FALSE,FALSE,FALSE,FALSE,after [s],
cv,outlier,swe,00023_common_voice_sv-SE_18748449,ɔ,f,r,2.8,2.83,752.298,1765.717,34.439,,X Transcript,,FALSE,FALSE,FALSE,FALSE,FALSE,FALSE,FALSE,,
cv,outlier,swe,00023_common_voice_sv-SE_18748481,uː,h,n,1.12,1.25,574.782,2043.378,34.771,,,,TRUE,FALSE,FALSE,FALSE,FALSE,FALSE,FALSE,,
cv,outlier,swe,00023_common_voice_sv-SE_18943792,øː,f,r,1.39,1.42,445.085,2034.737,14.687,,,Deletion,FALSE,FALSE,FALSE,FALSE,FALSE,FALSE,FALSE,,
cv,outlier,swe,00051_common_voice_sv-SE_24970692,iː,t,d,1.26,1.29,416.042,684.661,30.265,,,Change,FALSE,FALSE,FALSE,FALSE,FALSE,FALSE,FALSE,ə,
cv,outlier,swe,00051_common_voice_sv-SE_24971084,eː,n,None,1.95,2.07,929.588,1862.708,33.158,,,Change,FALSE,FALSE,FALSE,FALSE,FALSE,FALSE,FALSE,ɑː,female (low pitch)
cv,outlier,swe,00057_common_voice_sv-SE_23538787,oː,p,s,2.3,2.34,473.42,1468.227,14.393,,,Change,FALSE,FALSE,FALSE,FALSE,FALSE,FALSE,FALSE,ə,
cv,outlier,swe,00057_common_voice_sv-SE_23538787,ɔ,t,ɧ,5.01,5.04,420.269,1391.328,14.406,,,Change,FALSE,FALSE,FALSE,FALSE,FALSE,FALSE,FALSE,ə,
cv,outlier,swe,00081_common_voice_sv-SE_26066338,uː,iː,l,2.68,2.71,322.156,1652.696,24.571,,,Deletion,FALSE,FALSE,FALSE,FALSE,FALSE,FALSE,FALSE,,
cv,outlier,swe,00106_common_voice_sv-SE_23769907,ɔ,None,ɧ,4.09,4.17,878.488,1990.752,57.47,Broad,,,FALSE,FALSE,FALSE,FALSE,FALSE,FALSE,FALSE,,
cv,outlier,swe,00192_common_voice_sv-SE_21178394,ɑː,ɧ,None,1.43,1.6,957.87,1724.788,29.568,,X Sounds,,FALSE,FALSE,FALSE,FALSE,FALSE,TRUE,FALSE,prec:[j],coartic w/ extra sounds [skja]
cv,outlier,swe,00192_common_voice_sv-SE_24813315,iː,m,ɡ,1,1.05,617.327,1887.122,13.915,,,Change,FALSE,FALSE,FALSE,FALSE,FALSE,FALSE,FALSE,e,
cv,outlier,swe,00192_common_voice_sv-SE_24821126,uː,d,m,2.78,2.86,504.825,1772.846,20.96,,,,TRUE,FALSE,FALSE,FALSE,TRUE,FALSE,FALSE,,
cv,outlier,swe,00192_common_voice_sv-SE_24829751,oː,s,l,1.4,1.45,432.71,1475.845,16.885,,,Change,FALSE,FALSE,FALSE,FALSE,FALSE,FALSE,FALSE,,
cv,outlier,swe,00192_common_voice_sv-SE_24837812,eː,j,n,1.91,1.97,795.279,1763.253,16.15,,,Change,FALSE,FALSE,FALSE,FALSE,FALSE,FALSE,FALSE,ʌ,
cv,outlier,swe,00192_common_voice_sv-SE_24838000,ɪ,n,n,1.56,1.65,277.228,671.478,31.449,,,,TRUE,FALSE,FALSE,FALSE,FALSE,FALSE,FALSE,,
cv,outlier,swe,00192_common_voice_sv-SE_24884629,iː,t,uː,2.25,2.28,1233.193,1875.65,171.485,,,Deletion,FALSE,FALSE,FALSE,FALSE,FALSE,FALSE,FALSE,,
cv,outlier,swe,00192_common_voice_sv-SE_24885287,eː,d,t,0.36,0.39,1013.659,1565.992,39.812,Broad,,,FALSE,FALSE,FALSE,TRUE,FALSE,FALSE,FALSE,,click @ begin
cv,outlier,swe,00192_common_voice_sv-SE_24920016,eː,d,t,0.47,0.5,1118.094,2591.959,92.233,Broad,,,FALSE,FALSE,FALSE,TRUE,FALSE,FALSE,FALSE,,click @ begin
cv,outlier,swe,00192_common_voice_sv-SE_24920350,iː,m,ɡ,2.03,2.13,390.677,999.916,16.48,,,Change,FALSE,FALSE,FALSE,FALSE,TRUE,FALSE,FALSE,e,
cv,outlier,swe,00192_common_voice_sv-SE_24920353,ʉː,m,n,2.76,2.87,375.792,803.743,31.784,,,,FALSE,TRUE,FALSE,FALSE,FALSE,FALSE,FALSE,,
cv,outlier,swe,00192_common_voice_sv-SE_24920353,iː,t,,5,5.11,650.619,1955.732,18.984,,,,FALSE,TRUE,FALSE,FALSE,FALSE,TRUE,FALSE,prec:[t],
cv,outlier,swe,00192_common_voice_sv-SE_24970522,ʉː,t,m,1.17,1.24,572.96,1266.248,15.153,,,,FALSE,TRUE,FALSE,FALSE,FALSE,FALSE,FALSE,,
cv,outlier,swe,00192_common_voice_sv-SE_24970578,ɛ,p,ŋ,3.93,4.01,557.538,2284.15,14.14,,,,FALSE,TRUE,FALSE,FALSE,FALSE,TRUE,FALSE,foll:[ŋ],
cv,outlier,swe,00192_common_voice_sv-SE_24970578,oː,s,ɪ,1.24,1.31,351.138,1589.1,31.21,,,,FALSE,TRUE,FALSE,FALSE,FALSE,FALSE,FALSE,,
cv,outlier,swe,00192_common_voice_sv-SE_24990782,ɐ,ɧ,l,1.02,1.05,495.79,2019.173,36.678,Target Overlap,X Transcript,,FALSE,FALSE,FALSE,FALSE,FALSE,FALSE,FALSE,,"extra sounds, should just be continued [ɐ] until next [s]"
cv,outlier,swe,00192_common_voice_sv-SE_25901805,ɛː,n,r,1.08,1.15,539.652,728.912,21.183,,,,FALSE,TRUE,FALSE,FALSE,FALSE,FALSE,FALSE,,
cv,outlier,swe,00192_common_voice_sv-SE_25967400,iː,s,ɔ,3.35,3.41,1193.368,1472.373,145.286,,Broad,,FALSE,FALSE,FALSE,FALSE,FALSE,FALSE,FALSE,[kʉː] instead of [siːɔ],"transcript wrong in that area, not whole thing"
cv,outlier,swe,00192_common_voice_sv-SE_26573582,ɔ,,ɧ,2.32,2.41,743.821,1742.339,32.574,Target Overlap,X Transcript,,FALSE,FALSE,FALSE,FALSE,FALSE,FALSE,FALSE,,no [ɧ] after
cv,outlier,swe,00210_common_voice_sv-SE_24972712,ɑː,k,,3.2,3.35,1037.333,1449.782,36.935,,,Change,FALSE,FALSE,FALSE,FALSE,FALSE,FALSE,FALSE,ɐ,
cv,outlier,swe,00239_common_voice_sv-SE_23853440,oː,ɑː,s,1.28,1.45,617.781,2442.929,94.32,,,Change,FALSE,FALSE,FALSE,FALSE,FALSE,FALSE,FALSE,ɔ,
cv,outlier,swe,00239_common_voice_sv-SE_23853443,ɵ,v,n,1.04,1.16,1048.878,2205.999,164.9,,,,TRUE,FALSE,FALSE,FALSE,FALSE,FALSE,FALSE,,
cv,outlier,swe,00239_common_voice_sv-SE_23853443,ɪ,f,ɧ,2.32,2.38,1348.756,2397.605,282.222,,,,TRUE,FALSE,FALSE,FALSE,FALSE,FALSE,FALSE,,
cv,outlier,swe,00244_common_voice_sv-SE_24964187,ɔ,m,s,0.57,0.61,813.602,2648.081,133.964,,,,TRUE,FALSE,FALSE,FALSE,FALSE,FALSE,FALSE,,
cv,outlier,swe,00244_common_voice_sv-SE_24964358,ɪ,s,t,0.7,0.81,822.022,2168.908,60.311,Target Overlap,,,FALSE,FALSE,FALSE,FALSE,FALSE,FALSE,FALSE,,
cv,outlier,swe,00244_common_voice_sv-SE_24964361,ɔ,m,s,0.54,0.57,782.657,1599.479,26.163,,,,TRUE,FALSE,FALSE,FALSE,FALSE,FALSE,FALSE,,
cv,outlier,swe,00244_common_voice_sv-SE_24967256,ɔ,j,r,1.56,1.62,734.401,2110.467,64.05,,,,TRUE,FALSE,FALSE,FALSE,FALSE,FALSE,FALSE,,
cv,outlier,swe,00244_common_voice_sv-SE_25031048,oː,r,ɡ,3.57,3.73,589.219,2268.103,74.799,,,,TRUE,FALSE,FALSE,FALSE,FALSE,FALSE,FALSE,,
cv,outlier,swe,00289_common_voice_sv-SE_21105852,ɵ,ɛː,p,1.71,1.79,912.97,2063.085,105.071,Target Overlap,,,FALSE,FALSE,FALSE,FALSE,FALSE,FALSE,FALSE,,
cv,outlier,swe,00289_common_voice_sv-SE_21105852,iː,m,ɡ,1.98,2.18,736.263,1771.916,29.052,,X Sounds,Change,FALSE,FALSE,FALSE,FALSE,FALSE,FALSE,FALSE,[mɐi],instead of [mig]
cv,outlier,swe,00290_common_voice_sv-SE_26591357,ɔ,,r,3.71,3.87,494.717,2160.621,79.84,,X Transcript,,FALSE,FALSE,FALSE,FALSE,FALSE,FALSE,FALSE,,extra [ed] before vowel in transcript
cv,outlier,swe,00296_common_voice_sv-SE_26942721,ɑː,h,n,3.74,3.77,273.803,1673.363,17.52,Broad,X Transcript,,FALSE,FALSE,FALSE,FALSE,FALSE,FALSE,FALSE,[vɑːnjɪk],
cv,outlier,swe,00322_common_voice_sv-SE_24966392,ɑː,r,,1.64,1.81,994.795,1322.484,29.819,,,,TRUE,FALSE,FALSE,FALSE,FALSE,FALSE,FALSE,,
cv,outlier,swe,00325_common_voice_sv-SE_24962634,uː,r,t,1.94,1.98,368.826,1624.397,19.853,,,,TRUE,FALSE,FALSE,FALSE,FALSE,FALSE,FALSE,,"consonants before, slight alignment error"
cv,outlier,swe,00331_common_voice_sv-SE_24280100,ɛ,s,r,2.53,2.56,1318.054,2324.206,93.964,Target Overlap,,,FALSE,FALSE,FALSE,FALSE,FALSE,FALSE,FALSE,,
cv,outlier,swe,00331_common_voice_sv-SE_24280129,ɛ,,t,0.47,0.66,914.284,1820.389,19.575,Target Overlap,,,FALSE,FALSE,FALSE,FALSE,FALSE,FALSE,FALSE,,
cv,outlier,swe,00365_common_voice_sv-SE_24965984,ɔ,ɡ,n,1.36,1.44,632.214,2311.063,90.464,,,Deletion,FALSE,FALSE,FALSE,FALSE,FALSE,FALSE,FALSE,,
cv,outlier,swe,00365_common_voice_sv-SE_24966007,ɔ,j,r,1.56,1.62,994.311,1931.617,62.856,,X Transcript,Change,FALSE,FALSE,FALSE,FALSE,FALSE,FALSE,FALSE,"[u], foll: [d͡ʒ]",
cv,outlier,swe,00367_common_voice_sv-SE_24965189,ʉː,t,d,1.32,1.35,684.983,1776.792,47.753,,,,TRUE,FALSE,FALSE,FALSE,FALSE,TRUE,FALSE,prec: [t] foll: [d],
cv,outlier,swe,00367_common_voice_sv-SE_24965189,eː,m,r,1.85,1.88,1253.078,2359.352,110.12,Broad,,,FALSE,FALSE,FALSE,FALSE,FALSE,FALSE,FALSE,,
cv,outlier,swe,00370_common_voice_sv-SE_20542981,eː,m,n,0.95,1,882.197,1403.514,21.49,,,,TRUE,FALSE,FALSE,FALSE,TRUE,FALSE,TRUE,,
cv,outlier,swe,00370_common_voice_sv-SE_20544018,iː,d,ɡ,2.08,2.13,267.782,1034.564,22.084,,,,TRUE,FALSE,FALSE,FALSE,TRUE,FALSE,TRUE,,
cv,outlier,swe,00370_common_voice_sv-SE_20544018,eː,m,n,1.55,1.59,1001.563,1920.505,44.881,,,,TRUE,FALSE,FALSE,FALSE,TRUE,FALSE,TRUE,,
cv,outlier,swe,00382_common_voice_sv-SE_26384297,ɔ,s,r,1.28,1.37,683.307,2258.425,81.719,,,,TRUE,FALSE,FALSE,FALSE,FALSE,FALSE,FALSE,,
cv,outlier,swe,00382_common_voice_sv-SE_26384297,oː,r,n,2.86,2.89,853.58,1698.712,41.608,Broad,X Transcript,,FALSE,FALSE,FALSE,FALSE,FALSE,FALSE,FALSE,,"misses the next word, current word expands onto next part"
cv,outlier,swe,00395_common_voice_sv-SE_24960749,øː,f,r,1.75,1.78,786.884,1871.63,24.464,Target Overlap,,,FALSE,FALSE,FALSE,FALSE,FALSE,FALSE,FALSE,,
cv,outlier,swe,00398_common_voice_sv-SE_18847709,ɑː,ɧ,r,1.11,1.14,460.595,2073.305,14.331,,,Change,FALSE,FALSE,FALSE,FALSE,TRUE,FALSE,FALSE,ɛ,
cv,outlier,swe,00398_common_voice_sv-SE_25967101,ɔ,n,n,1.52,1.57,744.404,1653.931,27.139,,X Transcript,,FALSE,FALSE,FALSE,FALSE,FALSE,FALSE,FALSE,,quite a few extra
cv,outlier,swe,00398_common_voice_sv-SE_26550991,ɵ,ɧ,l,2.53,2.58,771.663,1681.965,50.475,Target Overlap,,,FALSE,FALSE,FALSE,FALSE,TRUE,FALSE,FALSE,,
cv,outlier,swe,00398_common_voice_sv-SE_26551014,ɵ,ɧ,ŋ,2.15,2.25,625.562,1278.836,16.284,,,,FALSE,TRUE,FALSE,FALSE,FALSE,FALSE,FALSE,,prec is not [ɧ]
cv,outlier,swe,00418_common_voice_sv-SE_19101657,uː,p,t,1.47,1.5,758.65,1984.639,29.379,,,Deletion,FALSE,FALSE,FALSE,FALSE,FALSE,FALSE,FALSE,,devoiced
cv,outlier,swe,00418_common_voice_sv-SE_19101663,ɪ,r,ŋ,0.73,0.77,684.982,2400.266,34.615,,,,FALSE,TRUE,FALSE,FALSE,FALSE,FALSE,FALSE,,
cv,outlier,swe,00420_common_voice_sv-SE_24962926,œ,f,r,3.31,3.34,785.555,1508.779,14.821,Target Overlap,,,FALSE,FALSE,FALSE,FALSE,FALSE,FALSE,FALSE,,
cv,outlier,swe,00420_common_voice_sv-SE_24962926,œ,f,r,5.26,5.29,1370.912,2152.276,157.451,,,Deletion,FALSE,FALSE,FALSE,FALSE,FALSE,FALSE,FALSE,,
cv,outlier,swe,00426_common_voice_sv-SE_27668869,eː,d,,2.44,2.52,1489.064,1972.861,155.41,Broad,Broad,,FALSE,FALSE,FALSE,FALSE,FALSE,FALSE,FALSE,,"person in this repeats the same syllable and rushes thru it a second time, messing up the alignment"
cv,outlier,swe,00442_common_voice_sv-SE_24960935,ɪ,l,k,1.26,1.36,1398.093,2541.194,316.57,Target Overlap,,,FALSE,FALSE,FALSE,FALSE,FALSE,FALSE,FALSE,,
cv,outlier,swe,00463_common_voice_sv-SE_24963296,eː,d,,1.69,1.95,873.806,1777.41,24.558,,,,FALSE,TRUE,FALSE,FALSE,FALSE,FALSE,TRUE,,
cv,outlier,swe,00476_common_voice_sv-SE_20905367,uː,ɡ,n,1.56,1.59,781.944,2267.08,46.809,Broad,,,FALSE,FALSE,FALSE,FALSE,TRUE,FALSE,FALSE,,"after it, transcript error..."
cv,outlier,swe,00492_common_voice_sv-SE_24963496,ɐ,j,r,2.67,2.76,478.383,1699.294,17.987,,,,TRUE,FALSE,FALSE,FALSE,TRUE,FALSE,FALSE,,two phones after are wrong
cv,outlier,swe,00501_common_voice_sv-SE_22153285,oː,s,ɐ,1.38,1.42,718.712,1492.022,20.154,,,Deletion,FALSE,FALSE,FALSE,FALSE,FALSE,FALSE,FALSE,,
cv,outlier,swe,00507_common_voice_sv-SE_21311640,ɑː,h,n,0.38,0.41,276.732,1116.094,14.374,,,,FALSE,TRUE,FALSE,FALSE,FALSE,FALSE,FALSE,,
cv,outlier,swe,00507_common_voice_sv-SE_21318795,ɑː,h,n,1.98,2.01,294.529,1641.13,15.144,,X Transcript,,FALSE,FALSE,FALSE,FALSE,FALSE,TRUE,,prec:[t],
cv,outlier,swe,00511_common_voice_sv-SE_24968650,ɐ,s,n,2.49,2.54,1108.514,1419.078,26.654,,,,TRUE,FALSE,FALSE,FALSE,TRUE,FALSE,FALSE,,
cv,outlier,swe,00530_common_voice_sv-SE_24899878,ʉː,ɧ,k,2.2,2.29,394.997,803.388,30.873,,,,FALSE,TRUE,FALSE,FALSE,TRUE,FALSE,FALSE,,
cv,outlier,swe,00564_common_voice_sv-SE_18741647,ʉː,d,h,1.55,1.58,497.151,1015.127,16.67,,X Transcript,,FALSE,FALSE,FALSE,FALSE,FALSE,FALSE,FALSE,,entire word is not there
cv,outlier,swe,00564_common_voice_sv-SE_18742445,øː,f,r,1.51,1.54,858.847,1434.722,24.641,,,,FALSE,FALSE,FALSE,FALSE,FALSE,FALSE,FALSE,,accidentally skipped this one
cv,outlier,swe,00564_common_voice_sv-SE_18742480,ɑː,t,,1.17,1.38,883.682,1552.24,18.283,,,,FALSE,TRUE,FALSE,FALSE,TRUE,FALSE,FALSE,,
cv,outlier,swe,00564_common_voice_sv-SE_18762197,ʉː,b,d,2.71,2.83,376.152,972.473,18.635,,,,FALSE,TRUE,FALSE,FALSE,FALSE,FALSE,FALSE,,
cv,outlier,swe,00586_common_voice_sv-SE_25207990,oː,p,t,4.07,4.11,626.636,1693.241,24.801,,X Transcript,,FALSE,FALSE,FALSE,TRUE,FALSE,FALSE,FALSE,,word not present
cv,outlier,swe,00586_common_voice_sv-SE_25208249,iː,t,uː,3.6,3.63,1022.699,2155.128,107.623,,,Deletion,FALSE,FALSE,FALSE,FALSE,FALSE,FALSE,FALSE,,
cv,outlier,swe,00586_common_voice_sv-SE_25208834,ɔ,h,p,0.79,0.89,672.965,1512.738,17.329,Target Overlap,,,FALSE,FALSE,FALSE,FALSE,FALSE,FALSE,FALSE,,
cv,outlier,swe,00586_common_voice_sv-SE_25210189,ɵ,ɧ,g,2.71,2.89,690.57,1829.489,36.242,,,,FALSE,TRUE,FALSE,FALSE,FALSE,FALSE,FALSE,,
cv,outlier,swe,00586_common_voice_sv-SE_25210243,ɑː,t,,2.8,2.97,901.884,1358.818,18.471,Target Overlap,,,FALSE,FALSE,FALSE,FALSE,FALSE,FALSE,FALSE,,
cv,outlier,swe,00593_common_voice_sv-SE_18745633,ɔ,r,d,0.58,0.61,294.736,1450.767,27.742,Broad,,,FALSE,FALSE,FALSE,FALSE,TRUE,FALSE,FALSE,,
cv,outlier,swe,00593_common_voice_sv-SE_18748778,ɪ,t,l,2.71,2.75,684.662,2034.772,28.374,,,,TRUE,FALSE,FALSE,FALSE,TRUE,FALSE,FALSE,,
cv,outlier,swe,00601_common_voice_sv-SE_27132666,ɑː,n,,5.42,5.71,867.608,1642.328,17.915,Target Overlap,,,FALSE,FALSE,FALSE,FALSE,TRUE,FALSE,FALSE,,
cv,outlier,swe,00603_common_voice_sv-SE_24981098,ʉː,r,t,0.79,0.97,353.073,1016.076,16.853,,X Sounds,,FALSE,FALSE,FALSE,FALSE,FALSE,FALSE,FALSE,foll:[ɐ],"I think there is an extra vowel following it, causing error (two vowels there, not one)"
cv,outlier,swe,00603_common_voice_sv-SE_26061441,iː,s,uː,4.38,4.41,1143.06,2227.688,152.212,,,Deletion,FALSE,FALSE,FALSE,FALSE,FALSE,FALSE,FALSE,,
cv,outlier,swe,00620_common_voice_sv-SE_21363972,eː,iː,,2.22,2.26,619.34,2414.382,18.734,,,Deletion,FALSE,FALSE,FALSE,FALSE,FALSE,FALSE,FALSE,,
cv,outlier,swe,00644_common_voice_sv-SE_24960601,ɔ,,ɧ,2.36,2.49,630.765,1582.65,20.337,,X Transcript,,FALSE,FALSE,FALSE,FALSE,FALSE,FALSE,FALSE,,following is extra
cv,outlier,swe,00649_common_voice_sv-SE_20506478,ɑː,b,r,1.64,1.67,878.068,2417.828,41.546,,X Transcript,,FALSE,FALSE,FALSE,FALSE,FALSE,FALSE,FALSE,,following is extra
cv,outlier,swe,00659_common_voice_sv-SE_25200884,ɐ,ɧ,l,0.94,0.97,646.784,2010.534,28.352,,X Transcript,Deletion,FALSE,FALSE,FALSE,FALSE,FALSE,FALSE,FALSE,,vowel and consonant after is not present
cv,outlier,swe,00669_common_voice_sv-SE_28707222,ɛ,b,ɡ,2.57,2.62,383.017,2235.929,14.504,Target Overlap,,,FALSE,FALSE,FALSE,FALSE,FALSE,FALSE,FALSE,,
cv,outlier,swe,00669_common_voice_sv-SE_28707383,iː,r,n,2.34,2.45,425.624,2654.851,17.485,Target Overlap,,,FALSE,FALSE,FALSE,FALSE,FALSE,FALSE,FALSE,,
wild,mean,hau,B01___01_Matthew_____HAUCLVN2DA_00036,u,s,ɸ,0.39,0.48,415.57,1190.07,0.264,,,,FALSE,TRUE,FALSE,FALSE,FALSE,FALSE,FALSE,,
wild,mean,hau,B01___05_Matthew_____HAUCLVN2DA_00013,a,k,n,0.69,0.75,639.81,1343.59,0.319,,,,FALSE,TRUE,TRUE,FALSE,FALSE,FALSE,FALSE,,
wild,mean,hau,B01___10_Matthew_____HAUCLVN2DA_00052,o,k,n,5.55,5.67,415.49,954.12,0.974,,,,FALSE,TRUE,TRUE,FALSE,FALSE,FALSE,FALSE,,
wild,mean,hau,B01___17_Matthew_____HAUCLVN2DA_00007,e,d͡ʒ,m,3.15,3.24,442.54,1595.61,0.661,,,,FALSE,TRUE,TRUE,FALSE,FALSE,FALSE,FALSE,,
wild,mean,hau,B01___17_Matthew_____HAUCLVN2DA_00035,a,h,ɽ,3.63,3.72,661.2,1442.88,0.663,Target Overlap,,,FALSE,FALSE,FALSE,FALSE,FALSE,FALSE,FALSE,,
wild,mean,hau,B02___02_Mark________HAUCLVN2DA_00021,a,ɡ,l,1.53,1.62,611.57,1427.46,0.078,,,,FALSE,TRUE,FALSE,FALSE,FALSE,FALSE,FALSE,,
wild,mean,hau,B02___12_Mark________HAUCLVN2DA_00071,a,n,a,0.63,0.78,561.74,1383.29,0.119,,X Sounds,,FALSE,FALSE,FALSE,FALSE,FALSE,FALSE,FALSE,foll:[z],
wild,mean,hau,B03___07_Luke________HAUCLVN2DA_00060,u,m,s,11.01,11.1,339.1,1223.41,0.861,,,,FALSE,TRUE,TRUE,FALSE,FALSE,FALSE,FALSE,,
wild,mean,hau,B03___09_Luke________HAUCLVN2DA_00034,a,m,d,0.63,0.72,649.45,1252.18,0.91,,,,FALSE,TRUE,FALSE,FALSE,FALSE,FALSE,FALSE,,
wild,mean,hau,B03___11_Luke________HAUCLVN2DA_00088,a,ts,m,5.31,5.4,656,1307.84,0.611,,,,FALSE,TRUE,FALSE,FALSE,FALSE,FALSE,FALSE,,
wild,mean,hau,B03___14_Luke________HAUCLVN2DA_00008,i,ɽ,d͡ʒ,5.91,5.94,364.97,2031.96,0.82,,,Change,FALSE,FALSE,FALSE,FALSE,FALSE,FALSE,FALSE,ɪ,
wild,mean,hau,B03___17_Luke________HAUCLVN2DA_00042,a,ɽ,s,4.65,4.68,542.15,1322.55,0.597,Broad,,Change,FALSE,FALSE,FALSE,FALSE,FALSE,FALSE,FALSE,ə,
wild,mean,hau,B04___01_John________HAUCLVN2DA_00039,a,j,b,1.17,1.26,680.61,1421.37,0.927,Broad,,Change,FALSE,FALSE,FALSE,FALSE,FALSE,TRUE,FALSE,ʌ,prec [j]
wild,mean,hau,B04___03_John________HAUCLVN2DA_00029,a,h,n,0.72,0.78,589.99,1282.61,0.525,,,,FALSE,TRUE,TRUE,FALSE,FALSE,FALSE,FALSE,ʌ,
wild,mean,hau,B04___20_John________HAUCLVN2DA_00043,a,w,d,5.1,5.19,602.73,1365.4,0.068,,,Change,FALSE,FALSE,FALSE,FALSE,FALSE,FALSE,FALSE,ʌ,
wild,mean,hau,B05___13_Acts________HAUCLVN2DA_00055,u,m,s,5.73,5.82,402.95,1070.92,0.182,,,,FALSE,TRUE,FALSE,FALSE,FALSE,FALSE,FALSE,,
wild,mean,hau,B05___19_Acts________HAUCLVN2DA_00011,u,n,s,7.92,7.95,403.69,1308.63,0.368,,,Change,FALSE,FALSE,FALSE,FALSE,FALSE,FALSE,FALSE,ə,foll C is [n]
wild,mean,hau,B05___26_Acts________HAUCLVN2DA_00013,u,SIL,ɽ,1.77,1.86,400.47,1004.3,0.392,,,,FALSE,TRUE,FALSE,FALSE,FALSE,FALSE,FALSE,,
wild,mean,hau,B05___27_Acts________HAUCLVN2DA_00035,i,ɽ,n,2.82,2.88,443.81,1718.56,0.989,,,Change,FALSE,FALSE,FALSE,FALSE,FALSE,FALSE,FALSE,e,
wild,mean,hau,B06___06_Romans______HAUCLVN2DA_00031,u,a,t,5.04,5.1,403.3,1266.72,0.22,,X Transcript,Change,FALSE,FALSE,FALSE,FALSE,FALSE,FALSE,FALSE,ɯ,combined with prec [a]
wild,mean,hau,B06___07_Romans______HAUCLVN2DA_00040,e,k,s,2.52,2.61,411.53,1674.36,0.457,Broad,,,FALSE,FALSE,FALSE,FALSE,FALSE,FALSE,FALSE,,
wild,mean,hau,B06___11_Romans______HAUCLVN2DA_00068,i,m,s,0.45,0.51,364.97,1854.11,0.096,Broad,,Change,FALSE,FALSE,FALSE,FALSE,FALSE,FALSE,FALSE,ɪ,
wild,mean,hau,B06___11_Romans______HAUCLVN2DA_00068,u,n,ɽ,0.9,1.05,383.41,1195.63,0.016,Broad,,,FALSE,FALSE,FALSE,FALSE,FALSE,FALSE,FALSE,,prec C should be [z]
wild,mean,hau,B06___15_Romans______HAUCLVN2DA_00025,a,w,ʃ,0.99,1.11,564.52,1552.99,0.613,Broad,,Change,FALSE,FALSE,FALSE,FALSE,FALSE,TRUE,FALSE,ʌ,prec [w]
wild,mean,hau,B06___15_Romans______HAUCLVN2DA_00039,a,h,n,4.71,4.8,625.82,1521.27,0.672,Broad,,Change,FALSE,FALSE,FALSE,FALSE,FALSE,FALSE,FALSE,ɐ,
wild,mean,hau,B07___15_1CorinthiansHAUCLVN2DA_00055,a,t,s,1.17,1.2,531.7,1459,0.326,Broad,,Change,FALSE,FALSE,FALSE,FALSE,FALSE,FALSE,FALSE,ə,
wild,mean,hau,B08___01_2CorinthiansHAUCLVN2DA_00032,o,k,ɽ,4.62,4.71,487.83,1135.98,0.714,,,Change,FALSE,FALSE,FALSE,FALSE,FALSE,FALSE,FALSE,ʊ,?not sure
wild,mean,hau,B09___02_Galatians___HAUCLVN2DA_00037,a,j,k,6.45,6.51,525.77,1534.8,0.67,,,Change,FALSE,FALSE,FALSE,FALSE,FALSE,TRUE,FALSE,ə,prec: [j]
wild,mean,hau,B09___03_Galatians___HAUCLVN2DA_00015,a,s,m,5.64,5.76,668.82,1336.14,0.676,,,Change,FALSE,FALSE,FALSE,FALSE,FALSE,FALSE,FALSE,ʌ,
wild,mean,hau,B09___03_Galatians___HAUCLVN2DA_00023,u,h,j,4.92,4.98,422.45,1067.31,0.482,,,,FALSE,TRUE,FALSE,FALSE,FALSE,FALSE,FALSE,,
wild,mean,hau,B09___03_Galatians___HAUCLVN2DA_00039,e,n,s,3.3,3.45,446.76,1670.62,0.264,,,Change,FALSE,FALSE,FALSE,FALSE,FALSE,FALSE,FALSE,ə,
wild,mean,hau,B10___06_Ephesians___HAUCLVN2DA_00016,e,m,SIL,10.32,10.41,425.95,1866.84,0.325,Broad,,,FALSE,FALSE,FALSE,FALSE,FALSE,FALSE,FALSE,,
wild,mean,hau,B10___06_Ephesians___HAUCLVN2DA_00017,a,ɡ,s,2.61,2.7,557.62,1371.48,0.184,Broad,,Change,FALSE,FALSE,FALSE,FALSE,FALSE,FALSE,FALSE,ʌ,
wild,mean,hau,B11___04_Philippians_HAUCLVN2DA_00032,a,w,n,3.09,3.21,620.98,1232.96,0.959,Target Overlap,,Change,FALSE,FALSE,FALSE,FALSE,FALSE,TRUE,FALSE,ʌ,prec: [w]
wild,mean,hau,B19___13_Hebrews_____HAUCLVN2DA_00007,i,j,n,5.73,5.79,405.78,1909.66,0.328,,,Change,FALSE,FALSE,FALSE,FALSE,FALSE,FALSE,FALSE,ɪ,
wild,mean,hau,B21___01_1Peter______HAUCLVN2DA_00011,i,ʃ,ɽ,3.21,3.33,400.05,1750.97,0.137,,,Change,FALSE,FALSE,FALSE,FALSE,FALSE,FALSE,FALSE,e,
wild,mean,hau,B21___05_1Peter______HAUCLVN2DA_00010,a,m,n,7.08,7.14,534.88,1392.82,0.336,,,Change,FALSE,FALSE,FALSE,FALSE,FALSE,FALSE,FALSE,ʌ,
wild,mean,hau,B23___04_1John_______HAUCLVN2DA_00009,i,d͡ʒ,n,7.83,7.89,419.61,1857.76,0.401,Broad,,,FALSE,FALSE,FALSE,FALSE,FALSE,FALSE,FALSE,ɪ,
wild,mean,hau,B27___01_Revelation__HAUCLVN2DA_00008,a,n,n,9.78,9.84,508.53,1496.25,0.692,,,Change,FALSE,FALSE,FALSE,FALSE,FALSE,FALSE,FALSE,ə,
wild,mean,hau,B27___02_Revelation__HAUCLVN2DA_00014,a,w,n,4.41,4.47,591.15,1395.62,0.007,,,Change,FALSE,FALSE,FALSE,FALSE,FALSE,TRUE,FALSE,ʌ,prec [w]
wild,mean,kaz,B01___05_Matthew_____KAZKAZN2DA_00078,i,l,ɾ,2.28,2.34,402.19,1816.66,0.133,,Broad,,FALSE,FALSE,TRUE,FALSE,FALSE,FALSE,FALSE,,
wild,mean,kaz,B01___10_Matthew_____KAZKAZN2DA_00015,ʊ,q,l,5.31,5.34,419.6,873.69,0.955,Broad,Broad,,FALSE,FALSE,TRUE,FALSE,FALSE,FALSE,FALSE,,
wild,mean,kaz,B01___10_Matthew_____KAZKAZN2DA_00030,ɑ,t,t,0.54,0.63,557.97,1318.82,0.808,,Broad,,FALSE,FALSE,TRUE,FALSE,FALSE,FALSE,FALSE,,
wild,mean,kaz,B01___13_Matthew_____KAZKAZN2DA_00018,i,m,j,7.17,7.23,399.08,1905.01,0.012,,Broad,,FALSE,FALSE,TRUE,FALSE,FALSE,FALSE,FALSE,,
wild,mean,kaz,B01___16_Matthew_____KAZKAZN2DA_00017,i,b,t,3.72,3.78,373.11,1924.96,0.209,,Broad,,FALSE,FALSE,FALSE,TRUE,FALSE,FALSE,FALSE,,
wild,mean,kaz,B03___01_Luke________KAZKAZN2DA_00009,i,k,w,4.59,4.65,409.59,1851.63,0.071,,Broad,,FALSE,FALSE,TRUE,FALSE,FALSE,FALSE,FALSE,,
wild,mean,kaz,B03___06_Luke________KAZKAZN2DA_00059,ʉ,ɥ,z,2.58,2.67,396.93,1457.24,0.175,,Broad,,FALSE,FALSE,TRUE,FALSE,FALSE,FALSE,FALSE,,
wild,mean,kaz,B03___09_Luke________KAZKAZN2DA_00020,ə,ɾ,p,4.29,4.32,452.24,1122.52,0.469,Broad,Broad,,FALSE,FALSE,FALSE,FALSE,FALSE,FALSE,FALSE,,
wild,mean,kaz,B03___09_Luke________KAZKAZN2DA_00048,ɑ,SIL,j,3.69,3.78,615.86,1339.29,0.586,,Broad,,FALSE,FALSE,FALSE,FALSE,FALSE,FALSE,FALSE,,
wild,mean,kaz,B03___11_Luke________KAZKAZN2DA_00038,ə,ʀ,n,2.52,2.55,365.23,1308.33,0.486,,Broad,,FALSE,FALSE,FALSE,FALSE,FALSE,FALSE,FALSE,,
wild,mean,kaz,B03___13_Luke________KAZKAZN2DA_00047,ʊ,t,ɾ,7.56,7.59,510.96,1121.03,0.959,Broad,Broad,,FALSE,FALSE,TRUE,FALSE,FALSE,FALSE,FALSE,,
wild,mean,kaz,B03___16_Luke________KAZKAZN2DA_00003,ɑ,ʃ,ʃ,5.28,5.37,569.79,1310.54,0.552,Broad,,,FALSE,FALSE,TRUE,FALSE,FALSE,FALSE,FALSE,several syll off,
wild,mean,kaz,B03___17_Luke________KAZKAZN2DA_00047,ɑ,ʀ,n,2.76,2.82,660.04,1168.32,0.794,Broad,Broad,,FALSE,FALSE,TRUE,FALSE,FALSE,FALSE,FALSE,,
wild,mean,kaz,B03___21_Luke________KAZKAZN2DA_00002,ɑ,q,ɾ,3.15,3.21,628.12,1181.8,0.191,,X Transcript,,FALSE,FALSE,FALSE,FALSE,FALSE,FALSE,FALSE,silence,
wild,mean,kaz,B04___10_John________KAZKAZN2DA_00002,ə,ŋ,z,2.31,2.4,414.03,1340.33,0.103,Broad,Broad,,FALSE,FALSE,FALSE,FALSE,FALSE,FALSE,FALSE,"silence, end of transcript",
wild,mean,kaz,B05___07_Acts________KAZKAZN2DA_00058,ɑ,n,l,1.86,1.95,538.87,1218.68,0.864,Broad,Broad,,FALSE,FALSE,FALSE,FALSE,FALSE,FALSE,FALSE,silence,
wild,mean,kaz,B05___15_Acts________KAZKAZN2DA_00038,i,b,ɾ,12.93,13.02,429.97,1818.36,0.422,Broad,Broad,,FALSE,FALSE,FALSE,FALSE,FALSE,FALSE,FALSE,,
wild,mean,kaz,B05___19_Acts________KAZKAZN2DA_00037,ɑ,s,t,8.16,8.22,599.09,1192.7,0.031,,X Transcript,,FALSE,FALSE,TRUE,FALSE,FALSE,FALSE,FALSE,,
wild,mean,kaz,B06___02_James_______KAZKAZN2DA_00022,ə,ɾ,n,3.39,3.42,354.81,1395.87,0.786,Broad,Broad,,FALSE,FALSE,TRUE,FALSE,FALSE,FALSE,FALSE,,
wild,mean,kaz,B08___02_2Peter______KAZKAZN2DA_00012,ə,ʀ,n,3.75,3.78,414.6,1128.2,0.497,Broad,Broad,,FALSE,FALSE,TRUE,FALSE,FALSE,FALSE,FALSE,,
wild,mean,kaz,B13___02_Romans______KAZKAZN2DA_00023,ɑ,ɾ,ŋ,2.07,2.13,627.37,1236.06,0.137,Broad,Broad,,FALSE,FALSE,TRUE,FALSE,FALSE,FALSE,FALSE,,
wild,mean,kaz,B13___07_Romans______KAZKAZN2DA_00029,æ,n,l,8.64,8.73,635.92,1560.53,0.758,Broad,,,FALSE,FALSE,FALSE,FALSE,FALSE,FALSE,FALSE,1-2 syll off,
wild,mean,kaz,B13___11_Romans______KAZKAZN2DA_00043,ɑ,l,s,0.75,0.81,586.07,1304.41,0.338,Broad,Broad,,FALSE,FALSE,TRUE,FALSE,FALSE,FALSE,FALSE,,
wild,mean,kaz,B13___14_Romans______KAZKAZN2DA_00032,ə,s,ŋ,5.7,5.76,377.15,1123.31,0.801,,X Transcript,,FALSE,FALSE,TRUE,FALSE,FALSE,FALSE,FALSE,just music,
wild,mean,kaz,B14___04_1CorinthiansKAZKAZN2DA_00019,ɑ,l,ɾ,3.12,3.24,648.57,1157.59,0.592,Broad,Broad,,FALSE,FALSE,FALSE,TRUE,FALSE,FALSE,FALSE,,
wild,mean,kaz,B14___04_1CorinthiansKAZKAZN2DA_00028,i,p,n,2.91,2.94,362.43,2047.58,0.692,,X Transcript,,FALSE,FALSE,TRUE,FALSE,FALSE,FALSE,FALSE,,
wild,mean,kaz,B14___10_1CorinthiansKAZKAZN2DA_00037,i,l,ɾ,8.67,8.73,379.01,1874.11,0.187,Broad,Broad,,FALSE,FALSE,TRUE,FALSE,FALSE,FALSE,FALSE,,
wild,mean,kaz,B14___14_1CorinthiansKAZKAZN2DA_00039,ə,ɾ,n,3.06,3.12,376.29,1281.45,0.358,Broad,Broad,,FALSE,FALSE,TRUE,FALSE,FALSE,FALSE,FALSE,,
wild,mean,kaz,B15___04_2CorinthiansKAZKAZN2DA_00008,ɑ,t,n,14.49,14.58,615.36,1204.33,0.042,Broad,Broad,,FALSE,FALSE,TRUE,FALSE,FALSE,FALSE,FALSE,,
wild,mean,kaz,B15___08_2CorinthiansKAZKAZN2DA_00004,ʊ,w,l,1.17,1.23,423.55,987.05,0.293,Broad,Broad,,FALSE,FALSE,TRUE,FALSE,FALSE,FALSE,FALSE,,
wild,mean,kaz,B16___04_Galatians___KAZKAZN2DA_00048,ʊ,w,n,0.12,0.15,471.58,1163.43,0.403,Broad,Broad,,FALSE,FALSE,FALSE,TRUE,FALSE,FALSE,FALSE,,
wild,mean,kaz,B17___04_Ephesians___KAZKAZN2DA_00005,ɑ,ʃ,q,8.46,8.52,662.08,1232.33,0.746,,X Transcript,,FALSE,FALSE,TRUE,FALSE,FALSE,FALSE,FALSE,,
wild,mean,kaz,B19___01_Colossians__KAZKAZN2DA_00008,ə,d,ʒ,8.22,8.28,503.53,1314.18,0.287,Broad,Broad,,FALSE,FALSE,TRUE,FALSE,FALSE,FALSE,FALSE,,
wild,mean,kaz,B19___02_Colossians__KAZKAZN2DA_00022,ɑ,m,s,5.49,5.58,647.16,1186.61,0.458,Broad,Broad,,FALSE,FALSE,TRUE,FALSE,FALSE,FALSE,FALSE,,
wild,mean,kaz,B20___02_1Thess______KAZKAZN2DA_00020,ʉ,ɥ,n,16.95,16.98,402.08,1394.1,0.251,Broad,Broad,,FALSE,FALSE,TRUE,FALSE,FALSE,FALSE,FALSE,,
wild,mean,kaz,B21___02_2Thess______KAZKAZN2DA_00017,ʊ,SIL,l,9,9.09,469.99,913.99,0.445,Broad,Broad,,FALSE,FALSE,TRUE,FALSE,FALSE,FALSE,FALSE,,
wild,mean,kaz,B22___02_1Timothy____KAZKAZN2DA_00009,ɑ,b,n,4.41,4.53,637.11,1268.61,0.338,Broad,Broad,,FALSE,FALSE,FALSE,FALSE,FALSE,FALSE,FALSE,,
wild,mean,kaz,B22___06_1Timothy____KAZKAZN2DA_00025,ʉ,ɥ,l,6.36,6.45,386.25,1605.06,0.511,Broad,Broad,,FALSE,FALSE,TRUE,FALSE,FALSE,FALSE,FALSE,,
wild,mean,kaz,B23___02_2Timothy____KAZKAZN2DA_00020,ʊ,w,s,1.41,1.47,432.31,963.68,0.26,Broad,Broad,,FALSE,FALSE,FALSE,FALSE,FALSE,FALSE,FALSE,,
wild,mean,kaz,B25___01_Philemon____KAZKAZN2DA_00003,ɑ,ʀ,j,12.45,12.57,646.46,1328.42,0.853,Broad,Broad,,FALSE,FALSE,FALSE,FALSE,FALSE,FALSE,FALSE,,
wild,mean,swe,B01___01_Matthew_____SWESFVN2DA_00032,ɔ,SIL,t,4.86,4.98,381.53,1010.21,0.252,,,Change,FALSE,FALSE,TRUE,FALSE,FALSE,FALSE,FALSE,ʉː,
wild,mean,swe,B01___02_Matthew_____SWESFVN2DA_00011,iː,s,h,2.22,2.25,337.68,2103.17,0.681,,,Change,FALSE,FALSE,FALSE,FALSE,FALSE,FALSE,FALSE,ɪ,
wild,mean,swe,B01___03_Matthew_____SWESFVN2DA_00014,ɑː,h,r,0.78,0.81,353.75,1407.76,0.612,Broad,,,FALSE,FALSE,TRUE,FALSE,FALSE,FALSE,FALSE,,
wild,mean,swe,B01___04_Matthew_____SWESFVN2DA_00020,ʉː,s,s,1.11,1.14,309.89,1469.94,0.577,,,,FALSE,TRUE,TRUE,FALSE,FALSE,FALSE,FALSE,,
wild,mean,swe,B01___16_Matthew_____SWESFVN2DA_00055,eː,t,SIL,2.79,2.82,334.93,1562.65,0.256,,,,FALSE,TRUE,FALSE,TRUE,FALSE,FALSE,FALSE,,
wild,mean,swe,B01___18_Matthew_____SWESFVN2DA_00013,ɵ,h,ɑː,3.72,3.96,371.69,1146.98,0.538,Target Overlap,X Sounds,,FALSE,FALSE,FALSE,FALSE,FALSE,FALSE,FALSE,foll:[g],
wild,mean,swe,B01___18_Matthew_____SWESFVN2DA_00013,ɔ,SIL,k,4.5,4.59,350.07,936.32,0.118,,,,FALSE,TRUE,TRUE,FALSE,FALSE,FALSE,FALSE,,
wild,mean,swe,B02___07_Mark________SWESFVN2DA_00011,ɑː,s,j,0.36,0.42,445.78,1504.64,0.434,,,,FALSE,TRUE,FALSE,TRUE,FALSE,FALSE,FALSE,,
wild,mean,swe,B03___01_Luke________SWESFVN2DA_00035,ɛ,r,f,0.72,0.78,403.88,1757.16,0.011,Broad,,,FALSE,FALSE,FALSE,FALSE,FALSE,FALSE,FALSE,,
wild,mean,swe,B03___11_Luke________SWESFVN2DA_00041,eː,d,ɔ,3.3,3.36,332.76,1675.83,0.048,,,,FALSE,TRUE,TRUE,FALSE,FALSE,FALSE,FALSE,,
wild,mean,swe,B03___23_Luke________SWESFVN2DA_00020,eː,m,n,6.33,6.36,323.68,1462.77,0.778,,,,FALSE,TRUE,FALSE,TRUE,FALSE,FALSE,FALSE,,
wild,mean,swe,B04___14_John________SWESFVN2DA_00063,øː,t,v,1.2,1.26,413.49,1459.09,0.141,,,,FALSE,TRUE,TRUE,FALSE,FALSE,FALSE,FALSE,,
wild,mean,swe,B05___01_Acts________SWESFVN2DA_00017,ɪ,t,l,2.1,2.16,281.59,1845.4,0.77,,,,FALSE,TRUE,FALSE,FALSE,FALSE,FALSE,FALSE,,
wild,mean,swe,B05___09_Acts________SWESFVN2DA_00050,ɑː,n,SIL,3.39,3.51,345.44,1425.97,0.78,,Broad,,FALSE,FALSE,TRUE,FALSE,FALSE,FALSE,FALSE,,pure music
wild,mean,swe,B05___09_Acts________SWESFVN2DA_00060,ɛː,d,r,0.18,0.21,457.94,1643.7,0.631,Broad,,,FALSE,FALSE,FALSE,FALSE,FALSE,FALSE,FALSE,,
wild,mean,swe,B05___13_Acts________SWESFVN2DA_00009,ɔ,eː,k,0.36,0.39,362.13,795.79,0.548,,X Transcript,,FALSE,FALSE,TRUE,FALSE,FALSE,FALSE,FALSE,,"preceding [e] not in audio, by velar pinch?"
wild,mean,swe,B05___13_Acts________SWESFVN2DA_00052,uː,h,n,3.6,3.63,294.8,1088.87,0.362,,,Change,FALSE,FALSE,TRUE,FALSE,FALSE,FALSE,FALSE,[ʉː],
wild,mean,swe,B05___19_Acts________SWESFVN2DA_00016,ɐ,s,m,0.27,0.3,506.47,1430.47,0.302,,,,FALSE,TRUE,TRUE,FALSE,FALSE,FALSE,FALSE,,
wild,mean,swe,B05___24_Acts________SWESFVN2DA_00034,ɪ,d,ɡ,2.34,2.43,320.42,2225.55,0.514,,,,FALSE,TRUE,FALSE,FALSE,FALSE,FALSE,FALSE,,
wild,mean,swe,B06___03_Romans______SWESFVN2DA_00011,ɛ,r,t,4.2,4.29,355.73,1850.24,0.768,,,,FALSE,TRUE,TRUE,FALSE,FALSE,FALSE,FALSE,,
wild,mean,swe,B06___09_Romans______SWESFVN2DA_00018,œ,f,d,1.71,1.86,442.4,1352.55,0.762,,,,FALSE,TRUE,FALSE,FALSE,FALSE,FALSE,FALSE,,
wild,mean,swe,B06___13_Romans______SWESFVN2DA_00014,uː,s,m,6.18,6.21,335.29,1209.11,0.503,,,,FALSE,TRUE,FALSE,FALSE,FALSE,FALSE,FALSE,,
wild,mean,swe,B07___03_1CorinthiansSWESFVN2DA_00002,ɪ,t,l,6.63,6.66,334.54,1853.17,0.699,,,,FALSE,TRUE,FALSE,FALSE,FALSE,FALSE,FALSE,,
wild,mean,swe,B07___06_1CorinthiansSWESFVN2DA_00012,œ,f,r,2.58,2.64,375.65,1531.62,0.32,,,,FALSE,TRUE,FALSE,FALSE,FALSE,FALSE,FALSE,,
wild,mean,swe,B07___06_1CorinthiansSWESFVN2DA_00014,eː,l,t,0.78,0.81,339.49,1928.83,0.742,,,,FALSE,TRUE,FALSE,FALSE,FALSE,FALSE,FALSE,,
wild,mean,swe,B07___11_1CorinthiansSWESFVN2DA_00023,ɛ,d,s,1.98,2.04,405.09,1653.86,0.153,,,,FALSE,TRUE,FALSE,FALSE,FALSE,FALSE,FALSE,,
wild,mean,swe,B07___12_1CorinthiansSWESFVN2DA_00018,ɐ,s,m,1.11,1.14,609.99,1379.19,0.869,Broad,,,FALSE,FALSE,FALSE,FALSE,FALSE,FALSE,FALSE,,
wild,mean,swe,B08___04_2CorinthiansSWESFVN2DA_00012,ɑː,d,SIL,1.2,1.38,479.13,1321.27,0.274,,,,FALSE,TRUE,FALSE,FALSE,FALSE,FALSE,FALSE,,
wild,mean,swe,B09___02_Galatians___SWESFVN2DA_00005,ɔ,l,m,5.58,5.64,393.61,766.71,0.755,,,,FALSE,TRUE,FALSE,FALSE,FALSE,FALSE,FALSE,,
wild,mean,swe,B09___04_Galatians___SWESFVN2DA_00039,iː,r,v,1.35,1.47,276.54,1951.02,0.49,,,,FALSE,TRUE,FALSE,FALSE,FALSE,FALSE,FALSE,,
wild,mean,swe,B09___05_Galatians___SWESFVN2DA_00019,iː,SIL,s,0.33,0.42,331.85,2103.27,0.523,,,,FALSE,TRUE,FALSE,FALSE,FALSE,FALSE,FALSE,,
wild,mean,swe,B11___03_Philippians_SWESFVN2DA_00017,eː,d,t,2.07,2.16,382.92,1915.27,0.807,Target Overlap,,,FALSE,FALSE,FALSE,FALSE,FALSE,FALSE,FALSE,,
wild,mean,swe,B19___07_Hebrews_____SWESFVN2DA_00021,oː,v,r,1.68,1.74,384.42,1121.45,0.497,,,,FALSE,TRUE,FALSE,FALSE,FALSE,FALSE,FALSE,,
wild,mean,swe,B19___08_Hebrews_____SWESFVN2DA_00013,ɛː,s,j,11.34,11.37,349.32,1910,0.689,,,,FALSE,TRUE,FALSE,FALSE,FALSE,FALSE,FALSE,,
wild,mean,swe,B19___11_Hebrews_____SWESFVN2DA_00056,eː,d,SIL,1.29,1.32,359.46,1463.07,0.869,Target Overlap,,,FALSE,FALSE,FALSE,FALSE,FALSE,FALSE,FALSE,,no SIL after
wild,mean,swe,B26___01_Jude________SWESFVN2DA_00009,ɛ,h,m,5.52,5.64,449.96,1724.03,0.3,,,,FALSE,TRUE,FALSE,FALSE,FALSE,FALSE,FALSE,,
wild,mean,swe,B27___01_Revelation__SWESFVN2DA_00024,œ,h,l,1.92,2.01,438.23,1282.4,0.911,Target Overlap,,,FALSE,FALSE,FALSE,FALSE,FALSE,FALSE,FALSE,,
wild,mean,swe,B27___02_Revelation__SWESFVN2DA_00036,eː,m,n,1.29,1.32,327.26,1709.29,0.098,,,,FALSE,TRUE,FALSE,FALSE,FALSE,FALSE,FALSE,,
wild,mean,swe,B27___03_Revelation__SWESFVN2DA_00002,ɪ,t,l,0.72,0.78,306.94,1973.16,0.023,Target Overlap,,,FALSE,FALSE,FALSE,FALSE,FALSE,FALSE,FALSE,,
wild,mean,swe,B27___21_Revelation__SWESFVN2DA_00012,øː,j,r,1.26,1.38,395.96,1359.22,0.64,,,,FALSE,TRUE,FALSE,FALSE,FALSE,FALSE,FALSE,,
cv,mean,hau,00007_common_voice_ha_28497003,i,j,b,3.81,3.86,392.005,2022.901,0.391,,,,FALSE,TRUE,FALSE,FALSE,FALSE,FALSE,FALSE,ɪ,
cv,mean,hau,00007_common_voice_ha_28499311,i,n,j,1.46,1.49,411.795,1822.889,0.784,,,,FALSE,TRUE,FALSE,FALSE,FALSE,FALSE,FALSE,,
cv,mean,hau,00007_common_voice_ha_28534622,a,d,k,1.32,1.38,493.864,1459.056,0.963,,,,FALSE,TRUE,FALSE,FALSE,FALSE,FALSE,FALSE,ə,
cv,mean,hau,00009_common_voice_ha_26738232,i,b,n,5.03,5.12,381.131,1811.778,0.715,,,Change,FALSE,FALSE,FALSE,FALSE,FALSE,FALSE,FALSE,ɪ,
cv,mean,hau,00009_common_voice_ha_26759995,a,s,ɡ,3.89,4,680.572,1324.564,0.953,,,,FALSE,TRUE,FALSE,FALSE,FALSE,FALSE,FALSE,,
cv,mean,hau,00013_common_voice_ha_26709382,u,d,,3.76,3.97,351.714,929.285,0.986,,,,FALSE,TRUE,FALSE,FALSE,FALSE,FALSE,FALSE,,
cv,mean,hau,00013_common_voice_ha_26709490,a,,k,1.08,1.19,651.658,1352.275,0.448,,,Change,FALSE,FALSE,FALSE,FALSE,FALSE,FALSE,FALSE,ə,
cv,mean,hau,00013_common_voice_ha_26709493,u,m,n,3.34,3.42,430.658,1079.086,0.377,,,Change,FALSE,FALSE,FALSE,FALSE,FALSE,FALSE,FALSE,ʊ,
cv,mean,hau,00013_common_voice_ha_27008372,a,n,b,2.26,2.35,622.172,1257.792,0.903,,,,FALSE,TRUE,FALSE,FALSE,FALSE,FALSE,FALSE,,
cv,mean,hau,00013_common_voice_ha_27009298,i,l,k,1.18,1.24,410.41,1962.899,0.463,,,,FALSE,TRUE,FALSE,FALSE,FALSE,FALSE,FALSE,ɪ,
cv,mean,hau,00013_common_voice_ha_27009409,e,ɸ,ʃ,2.75,2.8,386.166,1951.847,0.176,,,,FALSE,TRUE,FALSE,FALSE,FALSE,FALSE,FALSE,,
cv,mean,hau,00013_common_voice_ha_27009414,a,ɡ,n,0.28,0.39,615.444,1368.158,0.124,,,Change,FALSE,FALSE,FALSE,FALSE,FALSE,FALSE,FALSE,ʌ,
cv,mean,hau,00013_common_voice_ha_27009451,a,ɡ,ɽ,1.15,1.22,560.672,1432.634,0.091,,,Change,FALSE,FALSE,FALSE,FALSE,FALSE,FALSE,FALSE,ə,
cv,mean,hau,00013_common_voice_ha_27010098,a,l,t,2.85,3,651.107,1438.106,0.458,,,Change,FALSE,FALSE,FALSE,FALSE,FALSE,FALSE,FALSE,ʌ,
cv,mean,hau,00013_common_voice_ha_27010299,a,s,n,1.2,1.26,542.986,1537.84,0.582,,X Transcript,Change,FALSE,FALSE,FALSE,FALSE,FALSE,FALSE,FALSE,ə/ʌ,?not sure if foll [n] is there
cv,mean,hau,00013_common_voice_ha_27010388,a,k,,3.21,3.47,622.688,1317.706,0.388,,,Change,FALSE,FALSE,FALSE,FALSE,FALSE,FALSE,FALSE,ʌ,
cv,mean,hau,00013_common_voice_ha_27010407,i,n,z,1.31,1.43,356.383,1928.471,0.085,,,Change,FALSE,FALSE,FALSE,FALSE,FALSE,FALSE,FALSE,ɪ,
cv,mean,hau,00013_common_voice_ha_27010513,u,a,ɽ,0.62,0.77,363.722,998.567,0.459,,,,FALSE,TRUE,FALSE,FALSE,FALSE,FALSE,FALSE,,
cv,mean,hau,00013_common_voice_ha_27016157,u,m,t,0.67,0.74,432.246,1171.463,0.372,,,Change,FALSE,FALSE,FALSE,FALSE,FALSE,FALSE,FALSE,ʊ,?not sure
cv,mean,hau,00013_common_voice_ha_27016171,u,m,i,0.61,0.64,340.235,1213.23,0.815,,,Deletion,FALSE,FALSE,FALSE,FALSE,FALSE,FALSE,FALSE,,
cv,mean,hau,00013_common_voice_ha_27016263,a,t,ʃ,1.99,2.14,684.672,1345.767,0.958,,,Change,FALSE,FALSE,FALSE,FALSE,FALSE,FALSE,FALSE,ʌ,
cv,mean,hau,00013_common_voice_ha_27016341,a,t,w,1.61,1.72,590.509,1419.115,0,,,Change,FALSE,FALSE,FALSE,FALSE,FALSE,TRUE,FALSE,ʌ,foll [w]
cv,mean,hau,00013_common_voice_ha_27016342,a,w,j,3.77,3.81,615.478,1416.172,0.068,,,Change,FALSE,FALSE,FALSE,FALSE,FALSE,TRUE,FALSE,ɜ,prec [w]
cv,mean,hau,00013_common_voice_ha_27468379,a,a,j,3.54,3.63,604.531,1528.87,0.512,,,Change,FALSE,FALSE,FALSE,FALSE,FALSE,TRUE,FALSE,ɜ,foll [j]
cv,mean,hau,00013_common_voice_ha_27789423,o,d,l,0.87,1.02,484.794,1103.743,0.271,,,Change,FALSE,FALSE,FALSE,FALSE,FALSE,FALSE,FALSE,ɤ/ɵ,
cv,mean,hau,00013_common_voice_ha_27791084,i,ɽ,n,1.45,1.51,423.264,1967.209,0.792,,,Change,FALSE,FALSE,FALSE,FALSE,FALSE,FALSE,FALSE,ɪ,
cv,mean,hau,00013_common_voice_ha_27791235,i,ɗ,n,1.09,1.15,416.056,1979.986,0.657,,,Change,FALSE,FALSE,FALSE,FALSE,FALSE,FALSE,FALSE,ɪ,
cv,mean,hau,00013_common_voice_ha_27798894,a,j,,3.37,3.68,661.232,1343.653,0.592,,,Change,FALSE,FALSE,FALSE,FALSE,FALSE,FALSE,FALSE,ʌ,prec [j]
cv,mean,hau,00013_common_voice_ha_28388296,i,ɽ,s,2.15,2.2,376.928,1978.15,0.047,,,Change,FALSE,FALSE,FALSE,FALSE,FALSE,FALSE,FALSE,ɪ,
cv,mean,hau,00013_common_voice_ha_28391540,a,k,s,2.33,2.39,533.476,1493.63,0.423,,,Change,FALSE,FALSE,FALSE,FALSE,FALSE,FALSE,FALSE,ə,
cv,mean,hau,00013_common_voice_ha_28396048,a,w,n,2.22,2.31,642.885,1349.346,0.366,,,Change,FALSE,FALSE,FALSE,FALSE,FALSE,TRUE,FALSE,ʌ,prec [w]
cv,mean,hau,00013_common_voice_ha_28396090,o,k,k,2.84,2.93,433.647,939.692,0.248,,,Change,FALSE,FALSE,FALSE,FALSE,FALSE,FALSE,FALSE,u,prec C sounds like [h]?
cv,mean,hau,00013_common_voice_ha_28396123,a,d,s,0.45,0.52,513.614,1503.427,0.702,,,Change,FALSE,FALSE,FALSE,FALSE,FALSE,FALSE,FALSE,ə,
cv,mean,hau,00013_common_voice_ha_28410907,a,ɡ,s,2.09,2.23,639.111,1477.391,0.478,,,Change,FALSE,FALSE,FALSE,FALSE,FALSE,FALSE,FALSE,ʌ,
cv,mean,hau,00013_common_voice_ha_28411011,a,w,n,1.66,1.71,620.995,1368.03,0.15,,,Change,FALSE,FALSE,FALSE,FALSE,FALSE,TRUE,FALSE,ʌ,prec [w]
cv,mean,hau,00013_common_voice_ha_28411140,a,d,w,2.89,2.98,590.215,1395.116,0.022,,,Change,FALSE,FALSE,FALSE,FALSE,FALSE,TRUE,FALSE,ʌ,foll [w]
cv,mean,hau,00013_common_voice_ha_28491222,a,k,t,2.15,2.18,552.764,1465.328,0.178,Broad,X Transcript,,FALSE,FALSE,FALSE,FALSE,FALSE,FALSE,FALSE,,
cv,mean,hau,00013_common_voice_ha_28491242,i,ɽ,ɡ,5.32,5.39,356.034,1919.256,0.118,Target Overlap,,,FALSE,FALSE,FALSE,FALSE,FALSE,FALSE,FALSE,ə,
cv,mean,hau,00013_common_voice_ha_28491897,a,n,t͡ʃ,1.42,1.55,645.724,1436.286,0.38,,,Change,FALSE,FALSE,FALSE,FALSE,FALSE,FALSE,FALSE,ʌ,
cv,mean,hau,00013_common_voice_ha_28551239,a,n,n,4.83,4.91,601.644,1401.123,0.02,,,Change,FALSE,FALSE,FALSE,FALSE,FALSE,FALSE,FALSE,ʌ,
cv,mean,kaz,00000_common_voice_kk_24982589,ɪ,ʃ,r,5.15,5.2,451.454,1532.504,0.118,,,Change,FALSE,FALSE,FALSE,FALSE,TRUE,FALSE,FALSE,ʊ/ʏ,
cv,mean,kaz,00007_common_voice_kk_24981927,e,j,n,3.6,3.64,381.928,1726.003,0.216,,X Transcript,,FALSE,FALSE,FALSE,FALSE,FALSE,FALSE,FALSE,,
cv,mean,kaz,00007_common_voice_kk_24982006,ə,ʒ,l,3.72,3.77,440.779,1176.877,0.227,,,,FALSE,TRUE,FALSE,FALSE,FALSE,FALSE,FALSE,,
cv,mean,kaz,00015_common_voice_kk_24982082,ɑ,q,s,2.56,2.65,651.873,1189.007,0.149,,,,FALSE,TRUE,FALSE,FALSE,FALSE,FALSE,FALSE,,
cv,mean,kaz,00025_common_voice_kk_25551868,ɑ,ʁ,n,2.07,2.16,664.355,1307.976,0.591,,,,FALSE,TRUE,FALSE,FALSE,FALSE,FALSE,FALSE,,
cv,mean,kaz,00028_common_voice_kk_28217078,ʏ,ʒ,k,1.98,2.09,375.248,1452.014,0.682,,,,FALSE,TRUE,FALSE,FALSE,FALSE,FALSE,FALSE,,
cv,mean,kaz,00028_common_voice_kk_28217345,e,j,r,4.04,4.07,430.8,1603.106,0.642,,,,FALSE,TRUE,FALSE,FALSE,FALSE,FALSE,FALSE,,
cv,mean,kaz,00033_common_voice_kk_27647931,ə,m,s,1.12,1.15,465.086,1126.425,0.265,,,,FALSE,TRUE,FALSE,FALSE,FALSE,FALSE,FALSE,,
cv,mean,kaz,00033_common_voice_kk_27684814,e,j,ɡ,3.8,3.85,337.077,1944.646,0.687,,,Change,FALSE,FALSE,FALSE,FALSE,FALSE,FALSE,FALSE,ɪ,
cv,mean,kaz,00035_common_voice_kk_24992191,o,b,l,3.08,3.3,445.283,825.16,0.266,,,,FALSE,TRUE,FALSE,FALSE,FALSE,FALSE,FALSE,,
cv,mean,kaz,00037_common_voice_kk_25008628,ɑ,q,q,2.89,2.95,690.724,1189.64,0.656,,,,FALSE,TRUE,FALSE,FALSE,FALSE,FALSE,FALSE,,
cv,mean,kaz,00037_common_voice_kk_25008632,ɪ,z,ŋ,1.95,1.98,404.204,1796.837,0.643,,,,FALSE,TRUE,FALSE,FALSE,FALSE,FALSE,FALSE,,
cv,mean,kaz,00043_common_voice_kk_24982365,e,j,r,1.55,1.6,397.92,1614.547,0.6,,,,FALSE,TRUE,FALSE,FALSE,FALSE,FALSE,TRUE,,
cv,mean,kaz,00045_common_voice_kk_24975809,ə,r,z,1.08,1.11,538.755,1410.975,0.719,,,,FALSE,TRUE,FALSE,FALSE,FALSE,FALSE,FALSE,,
cv,mean,kaz,00045_common_voice_kk_24975824,ɑ,b,r,5.75,5.83,637.134,1287.915,0.284,,,,FALSE,TRUE,FALSE,FALSE,FALSE,FALSE,FALSE,prec:aspirated,
cv,mean,kaz,00050_common_voice_kk_25029258,ʊ,t,r,2.7,2.74,465.738,1299.876,0.572,,,,FALSE,TRUE,FALSE,FALSE,FALSE,FALSE,FALSE,,
cv,mean,kaz,00050_common_voice_kk_25029339,ʏ,ə,t,2.02,2.11,399.519,1073.263,0.548,,,,FALSE,TRUE,FALSE,FALSE,FALSE,FALSE,FALSE,,
cv,mean,kaz,00050_common_voice_kk_25029341,e,j,r,1.12,1.15,436.549,1915.309,0.916,,,,FALSE,TRUE,FALSE,FALSE,FALSE,FALSE,FALSE,,
cv,mean,kaz,00050_common_voice_kk_25029360,ɪ,ɡ,,1.95,2.11,461.505,1491.985,0.246,,,Change,FALSE,FALSE,FALSE,FALSE,FALSE,FALSE,FALSE,ʊ,
cv,mean,kaz,00050_common_voice_kk_25029369,ɑ,q,t,1.22,1.27,637.99,1087.326,0.78,,,,FALSE,TRUE,FALSE,FALSE,FALSE,FALSE,FALSE,,
cv,mean,kaz,00054_common_voice_kk_24969693,ɑ,d,n,1.17,1.22,615.938,1165.233,0.096,,,,FALSE,TRUE,FALSE,FALSE,FALSE,FALSE,FALSE,,
cv,mean,kaz,00054_common_voice_kk_24970072,ə,t,ŋ,3.74,3.78,548.202,1223.719,0.5,,,,FALSE,TRUE,FALSE,FALSE,FALSE,FALSE,FALSE,,
cv,mean,kaz,00054_common_voice_kk_24970343,o,q,s,1.41,1.5,456.107,872.013,0.011,,,,FALSE,TRUE,FALSE,FALSE,FALSE,FALSE,FALSE,,
cv,mean,kaz,00054_common_voice_kk_24970467,e,j,r,1.29,1.32,392.315,1821.254,0.001,,X Transcript,,FALSE,TRUE,FALSE,FALSE,FALSE,FALSE,FALSE,prec:[n],
cv,mean,kaz,00054_common_voice_kk_24970492,i,b,j,1.96,1.99,326.946,2166.406,0.863,,,,FALSE,TRUE,FALSE,FALSE,FALSE,FALSE,FALSE,,
cv,mean,kaz,00054_common_voice_kk_24970702,ɪ,s,n,1.77,1.82,454.935,1784.092,0.858,,,Deletion,FALSE,FALSE,FALSE,FALSE,FALSE,FALSE,FALSE,,
cv,mean,kaz,00054_common_voice_kk_24996384,ɪ,l,t,5.9,5.98,442.197,1595.879,0.063,,,,FALSE,TRUE,FALSE,FALSE,TRUE,FALSE,FALSE,,
cv,mean,kaz,00054_common_voice_kk_24996451,ə,j,m,1.69,1.72,458.552,1312.542,0.102,,,,FALSE,TRUE,FALSE,FALSE,FALSE,FALSE,FALSE,,
cv,mean,kaz,00056_common_voice_kk_25070673,ɪ,k,s,1.97,2.05,434.339,1450.358,0.22,,,,FALSE,TRUE,FALSE,FALSE,FALSE,FALSE,TRUE,,
cv,mean,kaz,00060_common_voice_kk_25008879,ə,s,ɑ,1.61,1.66,514.892,1070.696,0.675,,X Transcript,,FALSE,FALSE,FALSE,FALSE,FALSE,TRUE,FALSE,vowels coarticulated,
cv,mean,kaz,00063_common_voice_kk_24975716,ɑ,m,n,1.7,1.77,635.646,1157.308,0.171,,,,FALSE,TRUE,FALSE,FALSE,FALSE,FALSE,FALSE,,
cv,mean,kaz,00065_common_voice_kk_24975800,ɑ,b,r,1.84,1.93,604.374,1101.026,0.563,,,,FALSE,TRUE,FALSE,FALSE,FALSE,FALSE,FALSE,,
cv,mean,kaz,00065_common_voice_kk_24975811,ʏ,,s,2.88,3.01,358.109,1142.841,0.722,,,,FALSE,TRUE,FALSE,FALSE,FALSE,FALSE,FALSE,,
cv,mean,kaz,00065_common_voice_kk_24975853,ɑ,n,d,4.69,4.82,681.736,1264.962,0.533,,,,FALSE,TRUE,FALSE,FALSE,FALSE,FALSE,FALSE,,
cv,mean,kaz,00065_common_voice_kk_24975872,ɑ,q,s,3.72,3.78,650.6,1232.34,0.115,,,,FALSE,TRUE,FALSE,FALSE,FALSE,FALSE,FALSE,,
cv,mean,kaz,00065_common_voice_kk_24975907,ɪ,j,n,3.5,3.53,381.764,1493.454,0.378,,,,FALSE,TRUE,FALSE,FALSE,FALSE,FALSE,FALSE,,
cv,mean,kaz,00065_common_voice_kk_24975939,e,j,ʊ,4.35,4.44,412.2,1549.331,0.949,,,,FALSE,TRUE,FALSE,FALSE,FALSE,FALSE,FALSE,,
cv,mean,kaz,00065_common_voice_kk_24976008,ɑ,ʁ,t,3.09,3.17,641.438,1145.481,0.271,,,,FALSE,TRUE,FALSE,FALSE,FALSE,FALSE,FALSE,,
cv,mean,kaz,00070_common_voice_kk_25008903,e,j,k,3,3.03,345.435,2057.759,0.906,,,,FALSE,TRUE,FALSE,FALSE,FALSE,FALSE,FALSE,,
cv,mean,kaz,00071_common_voice_kk_24982042,ɪ,r,b,1.16,1.25,385.909,1541.69,0.217,,,,FALSE,TRUE,FALSE,FALSE,FALSE,FALSE,FALSE,,
cv,mean,swe,00000_common_voice_sv-SE_24398851,ɛː,d,r,1.13,1.18,542.178,1458.905,0.426,,,,FALSE,TRUE,FALSE,FALSE,FALSE,FALSE,FALSE,,
cv,mean,swe,00000_common_voice_sv-SE_24440887,eː,d,t,0.59,0.63,402.349,1574.651,0.819,,,,FALSE,TRUE,FALSE,FALSE,FALSE,FALSE,FALSE,foll-foll:[sk],
cv,mean,swe,00057_common_voice_sv-SE_23538787,iː,v,t,4.42,4.5,334.802,1955.492,0.476,,X Transcript,,FALSE,FALSE,FALSE,FALSE,FALSE,FALSE,FALSE,,
cv,mean,swe,00082_common_voice_sv-SE_25577969,ɐ,r,n,2.78,2.83,558.937,1103.706,0.475,,,,FALSE,TRUE,FALSE,FALSE,FALSE,FALSE,FALSE,foll:[z],
cv,mean,swe,00094_common_voice_sv-SE_25923733,ɑː,n,ɧ,1.12,1.18,615.984,1256.82,0.369,,,,FALSE,TRUE,FALSE,FALSE,FALSE,FALSE,FALSE,,
cv,mean,swe,00144_common_voice_sv-SE_24960871,iː,l,k,1.19,1.32,355.974,1877.871,0.09,,,,FALSE,TRUE,FALSE,FALSE,FALSE,FALSE,FALSE,,
cv,mean,swe,00192_common_voice_sv-SE_18844812,ɑː,r,t,0.8,0.86,522.474,1395.037,0.86,,,Deletion,FALSE,FALSE,FALSE,FALSE,FALSE,FALSE,FALSE,,
cv,mean,swe,00192_common_voice_sv-SE_18845070,ɛː,ʉː,r,0.43,0.48,561.072,1732.824,0.876,,,,FALSE,TRUE,FALSE,FALSE,FALSE,FALSE,FALSE,,
cv,mean,swe,00192_common_voice_sv-SE_21179005,iː,h,d,1.9,1.94,373.268,1896.996,0.049,,,,FALSE,TRUE,FALSE,FALSE,FALSE,FALSE,FALSE,,
cv,mean,swe,00192_common_voice_sv-SE_21179110,ɪ,t,m,1.9,1.98,396.25,1960.081,0.195,,,,FALSE,TRUE,FALSE,FALSE,FALSE,FALSE,FALSE,,
cv,mean,swe,00192_common_voice_sv-SE_25051550,ɑː,øː,d,2.59,2.63,638.125,1232.114,0.762,,,,FALSE,TRUE,FALSE,FALSE,FALSE,FALSE,FALSE,,
cv,mean,swe,00192_common_voice_sv-SE_25967397,ɛ,s,t,2.07,2.19,623.099,1592.448,0.852,,,,FALSE,TRUE,FALSE,FALSE,FALSE,FALSE,FALSE,,
cv,mean,swe,00192_common_voice_sv-SE_25967494,ɐ,r,m,1.78,1.82,642.958,1062.193,0.446,,,,FALSE,TRUE,FALSE,FALSE,FALSE,FALSE,FALSE,,
cv,mean,swe,00192_common_voice_sv-SE_26573063,eː,d,n,0.36,0.39,476.905,1625.664,0.06,,,Change,FALSE,FALSE,FALSE,FALSE,FALSE,FALSE,FALSE,[ɛ],following consonant not present
cv,mean,swe,00192_common_voice_sv-SE_26573394,ɔ,f,l,0.66,0.71,507.807,882.557,0.427,,,,FALSE,TRUE,FALSE,FALSE,FALSE,FALSE,FALSE,,
cv,mean,swe,00213_common_voice_sv-SE_20463071,uː,k,,2.36,2.55,479.59,873.332,0.476,Target Overlap,X Sounds,,FALSE,FALSE,FALSE,FALSE,FALSE,FALSE,FALSE,"foll:[ɑː], but breathy",
cv,mean,swe,00213_common_voice_sv-SE_20464296,ɑː,t,d,1.74,1.78,531.707,1182.833,0.274,,,Change,FALSE,FALSE,FALSE,FALSE,FALSE,FALSE,FALSE,[ɐ],
cv,mean,swe,00213_common_voice_sv-SE_20464339,iː,ɡ,t,1.65,1.69,349.443,1818.511,0.225,,,,FALSE,TRUE,FALSE,FALSE,FALSE,FALSE,FALSE,,
cv,mean,swe,00213_common_voice_sv-SE_20464339,ɛ,ɑː,t,1.22,1.31,521.363,1490.503,0.137,,,,FALSE,TRUE,FALSE,FALSE,FALSE,FALSE,FALSE,,
cv,mean,swe,00244_common_voice_sv-SE_24966463,eː,r,b,0.76,0.8,445.97,1467.315,0.42,,,,FALSE,TRUE,FALSE,FALSE,FALSE,FALSE,FALSE,,
cv,mean,swe,00282_common_voice_sv-SE_25016571,ɐ,h,n,5.66,5.78,618.027,1081.053,0.186,,,,FALSE,TRUE,FALSE,FALSE,FALSE,FALSE,TRUE,,"continue from here, despite check"
cv,mean,swe,00317_common_voice_sv-SE_25170084,øː,ɕ,n,1.03,1.2,534.053,1287.081,0.11,,,,FALSE,TRUE,FALSE,FALSE,FALSE,FALSE,FALSE,,
cv,mean,swe,00337_common_voice_sv-SE_18858738,ɛ,s,t,1.24,1.37,576.594,1520.838,0.122,Target Overlap,,,FALSE,FALSE,FALSE,FALSE,FALSE,FALSE,FALSE,,
cv,mean,swe,00370_common_voice_sv-SE_20543026,ɑː,j,ɡ,0.7,0.75,512.6,1134.028,0.696,Target Overlap,,,FALSE,FALSE,FALSE,FALSE,TRUE,FALSE,TRUE,,
cv,mean,swe,00418_common_voice_sv-SE_19101647,ɐ,,t,0.77,0.84,624.029,1155.106,0,,,,FALSE,TRUE,FALSE,FALSE,FALSE,FALSE,FALSE,,
cv,mean,swe,00426_common_voice_sv-SE_27668869,ɛː,d,r,0.97,1,636.357,1601.679,0.614,,,,FALSE,TRUE,FALSE,FALSE,FALSE,FALSE,FALSE,,
cv,mean,swe,00429_common_voice_sv-SE_18858733,oː,n,n,1.11,1.19,517.087,891.082,0.94,,,,FALSE,TRUE,FALSE,FALSE,FALSE,FALSE,FALSE,,
cv,mean,swe,00444_common_voice_sv-SE_27697030,øː,r,t,1.22,1.3,515.928,1506.17,0.84,,,,FALSE,TRUE,FALSE,FALSE,FALSE,FALSE,FALSE,,
cv,mean,swe,00489_common_voice_sv-SE_24963905,eː,d,t,1.05,1.08,516.887,1412.255,0.486,,,,FALSE,TRUE,FALSE,FALSE,FALSE,FALSE,FALSE,,
cv,mean,swe,00490_common_voice_sv-SE_24971436,œ,d,m,2.34,2.49,496.81,1452.525,0.563,,,,FALSE,TRUE,FALSE,FALSE,FALSE,FALSE,FALSE,,
cv,mean,swe,00501_common_voice_sv-SE_22153285,ɵ,l,ŋ,0.46,0.51,381.063,1279.061,0.154,,,,FALSE,TRUE,FALSE,FALSE,FALSE,FALSE,FALSE,,
cv,mean,swe,00507_common_voice_sv-SE_21311574,ɛː,d,r,1.09,1.16,662.07,1467.925,0.731,,,Change,FALSE,FALSE,FALSE,FALSE,FALSE,FALSE,FALSE,[ɑː],
cv,mean,swe,00546_common_voice_sv-SE_20846223,eː,j,d,0.65,0.76,525.906,1656.438,0.549,,,,FALSE,TRUE,FALSE,FALSE,FALSE,FALSE,FALSE,,
cv,mean,swe,00548_common_voice_sv-SE_19845649,uː,t,m,1,1.03,453.899,1008.4,0.116,,,,FALSE,TRUE,FALSE,FALSE,TRUE,FALSE,FALSE,,
cv,mean,swe,00593_common_voice_sv-SE_18712264,ɛ,v,ɧ,1.58,1.63,548.889,1511.324,0.018,,,,FALSE,TRUE,FALSE,FALSE,FALSE,FALSE,FALSE,,
cv,mean,swe,00603_common_voice_sv-SE_24965363,ɑː,t,l,1.03,1.14,569.872,1041.133,0.585,,,,FALSE,TRUE,FALSE,FALSE,FALSE,FALSE,FALSE,,
cv,mean,swe,00603_common_voice_sv-SE_24980944,uː,t,d,1.01,1.12,396.545,912.765,0.238,,,,FALSE,TRUE,FALSE,FALSE,FALSE,FALSE,FALSE,,
cv,mean,swe,00603_common_voice_sv-SE_26061225,ɐ,t,d,3.56,3.63,563.609,1118.301,0.403,,,,FALSE,TRUE,FALSE,FALSE,FALSE,FALSE,FALSE,,
cv,mean,swe,00603_common_voice_sv-SE_26068711,iː,f,b,5.22,5.37,365.504,2035.955,0.758,,,,FALSE,TRUE,FALSE,FALSE,FALSE,FALSE,FALSE,,
cv,mean,swe,00620_common_voice_sv-SE_21363960,ɑː,n,s,1.37,1.43,531.741,1271.658,0.275,,,,FALSE,TRUE,FALSE,FALSE,FALSE,FALSE,FALSE,,